1.65588
2.10118
2.81311
0.729537
4.99115
1.37934
3.17071
1.0279
0.995938
0.817077
0.0819393
0.93793
1.21966
0.461727
0.241013
1.99511
4.76591
1.70356
3.2972
2.85051
2.96894
2.43734
3.45163
2.11955
0.522277
3.41372
4.39269
0.53921
4.40894
1.17157
0.0635997
1.90285
3.44249
2.71642
2.00436
4.6962
2.41196
1.09042
1.64071
2.78714
1.37258
4.86379
3.65571
3.58829
3.92618
0.367076
0.71192
3.44185
0.136151
0.957503
1.6397
2.8021
0.941948
0.299264
4.27481
0.550286
4.439
0.28777
1.35205
3.47325
1.65904
3.17631
1.64271
3.28501
2.67807
1.40408
1.78463
4.29455
4.61042
2.05975
4.79064
2.62322
3.39739
3.25129
1.08082
3.66986
0.404626
0.394558
3.35491
1.16983
0.20742
3.43515
4.14404
3.35497
1.24507
2.03793
1.37528
2.75125
0.91016
0.00800155
0.842958
0.921456
1.08215
3.0602
4.05667
1.32588
4.23546
0.42501
0.518084
4.92022
1.15854
4.52301
1.1009
0.780815
3.41282
2.86346
2.76525
0.76937
1.3993
2.25358
2.3247
4.42317
1.68226
2.79129
2.04302
4.86181
4.23627
3.62416
4.33809
2.29588
2.37049
4.47945
3.92925
3.72242
2.2736
1.15506
0.403641
3.62894
3.07298
1.46427
1.89355
2.90536
1.86951
1.79288
1.81269
1.96111
3.96379
0.404927
4.76467
2.91428
3.69362
0.218314
0.579349
4.67488
0.867817
1.53285
4.91103
2.9149
0.540743
4.18726
1.29151
3.53652
1.54493
3.32948
2.1039
4.78434
3.64997
4.18435
1.37489
0.155064
3.11519
2.01816
2.30169
1.2395
0.490434
1.18103
1.3997
4.29292
4.77548
3.7078
1.84951
4.13998
0.873394
4.22417
2.81616
0.55197
0.437974
0.452039
0.691535
0.848017
3.21912
1.70524
4.2557
0.338612
1.9942
3.89299
1.01796
2.83515
2.63486
2.85915
1.86503
1.82305
0.617085
4.5071
1.80425
4.96672
4.09419
3.08485
1.10273
2.3019
3.63588
0.473866
0.743082
0.682338
0.588339
0.926975
4.21066
3.35692
4.12561
3.5335
2.02435
3.80752
3.74385
2.39435
0.859635
2.31858
4.22233
3.47756
2.14982
1.67956
0.779801
1.65512
4.39714
2.60699
3.50751
3.59032
3.36067
4.5133
4.65006
1.72338
4.35446
3.82057
1.90209
1.76859
1.61492
3.9682
2.81187
0.673595
2.10823
4.66917
0.556363
0.598538
0.505665
1.99581
1.38489
3.99988
4.53663
4.47193
2.78101
4.59054
1.64833
1.39288
3.69929
0.850063
1.04034
2.64978
4.41182
4.67091
4.1328
1.41775
2.98837
1.37428
3.3779
1.46425
1.03629
0.385091
2.6642
0.394561
2.61568
1.546
3.1663
2.53625
4.70966
1.8052
2.52512
0.532107
1.12217
0.275816
2.53576
0.365864
1.86211
1.19643
0.242037
4.0267
2.76383
3.70855
4.48645
1.44553
2.8186
2.92048
1.08846
4.50972
2.14925
0.952602
2.37594
1.10848
0.143531
3.48805
4.01976
2.65287
1.81341
0.6063
2.07269
1.1689
4.01143
0.189041
1.18509
0.945731
4.5889
4.29525
1.61689
1.75142
2.64633
0.838464
2.09333
1.24097
2.69264
4.16981
0.555567
2.31193
4.41695
3.76437
2.00334
3.42803
4.75095
3.01572
1.69821
2.50855
3.87726
2.83284
2.65657
4.86307
4.65144
3.55346
1.35188
0.522343
4.48667
0.95929
2.95066
3.69978
0.827781
0.909588
4.37874
4.69606
0.513622
4.00816
0.268148
0.96559
0.135479
2.08734
1.69241
4.47508
0.564712
3.94615
2.47407
1.99508
3.19192
0.536663
2.729
0.440637
3.50789
4.04077
0.0718837
1.04907
0.926859
4.1981
3.92464
1.53526
0.371954
2.55356
2.16467
0.89435
4.42032
3.11692
4.64476
0.0761773
1.31874
0.853469
1.0526
1.74441
3.65451
2.56214
0.350631
2.26245
4.94976
2.73805
3.43364
3.45142
4.46508
2.23143
3.30023
2.01533
4.27392
2.36728
2.20008
1.6734
2.15806
1.48968
1.59539
2.32697
3.46418
2.66551
2.85984
3.71376
4.14189
0.293822
4.21713
3.60651
1.34243
3.08566
1.18723
1.58165
2.33819
0.531644
0.834329
4.34548
0.559441
4.23444
3.40276
1.594
3.21082
2.80505
4.75082
3.1805
2.25279
3.69234
4.63124
3.51208
3.43281
1.49731
3.93559
2.87959
1.94586
4.64715
2.58848
2.90289
2.31354
4.78441
4.74406
0.775763
0.764549
2.46702
4.63761
2.9719
4.76657
3.34782
1.05894
0.598624
2.04695
1.99615
3.63204
3.7044
1.06614
1.8417
4.46401
2.04199
4.7233
4.18052
1.12505
0.184168
3.00003
2.46415
4.68235
1.87965
4.71622
2.00774
1.30734
2.30829
2.0006
1.96677
3.90255
2.57209
4.16628
3.8795
4.45598
3.77936
3.40897
1.0974
4.33689
1.04977
0.240783
4.84483
0.256058
2.56827
4.08381
1.31718
2.61942
2.26602
3.33538
1.26257
0.341806
2.09761
1.84714
4.87195
3.39524
3.20173
3.69851
4.77829
1.20281
0.670663
4.23606
3.62147
3.67465
1.21031
1.86481
0.722834
1.16065
0.873455
3.24502
0.992903
4.58313
1.31605
2.14293
3.03165
4.63373
3.49437
2.54706
0.973278
1.32181
3.57297
2.07153
0.394528
2.72108
3.5347
0.940707
0.943592
1.47524
4.05533
4.95257
2.59957
1.46829
1.96188
2.45929
1.00931
4.4949
2.59918
4.68515
3.31845
0.0229921
1.68936
3.16463
4.99068
0.244325
3.41266
1.23832
3.20817
1.46547
2.60186
1.94658
1.01136
1.48485
3.28743
3.30235
2.65942
1.84585
1.94293
1.87413
1.59389
1.39589
3.99564
3.45968
3.32825
4.15271
3.02199
0.757998
4.30775
0.880227
0.0523347
3.42064
4.31844
3.08623
2.01323
2.10528
0.922797
0.359521
4.42715
0.156267
4.49349
0.00133582
1.76879
0.0742363
1.4131
0.656604
0.142961
2.07969
4.67845
1.63308
0.342168
4.22527
1.97146
0.396839
1.25794
3.8059
1.13658
1.40067
0.201359
2.32157
3.24991
3.25439
3.71238
0.189476
3.00454
3.45729
1.5606
2.52446
2.27543
2.96125
0.808484
3.47765
2.32383
4.21248
4.09092
3.3301
1.84527
2.42585
1.23103
0.937821
2.25479
3.46741
2.4328
1.71353
1.98479
1.35141
4.9901
0.0364189
1.8886
4.46332
4.48936
2.36221
4.32794
4.06876
0.472439
3.36282
0.146375
4.71378
1.90525
1.09554
3.85246
0.355571
4.53065
1.2662
3.12817
4.38925
4.09494
2.29876
2.18243
1.06959
0.671245
3.07212
2.21504
2.8207
1.23597
1.29842
1.26931
3.94399
0.803573
1.92014
3.17634
2.96061
2.89014
2.81978
2.02107
2.15113
3.70015
4.01265
0.171103
4.82251
2.57764
1.66717
4.6689
3.77769
3.04388
2.7923
2.53992
0.155228
0.459217
1.4855
2.56329
3.06307
4.71235
0.311635
0.805225
4.07018
2.48263
3.92162
0.980952
2.27288
2.7257
3.04485
2.03931
1.65475
3.84187
4.45346
4.76414
0.726557
1.30368
2.3384
2.7311
0.926998
3.54758
4.22727
2.47688
1.78249
0.396435
4.85638
2.55446
2.49943
2.01219
0.375249
4.6447
1.23078
2.60827
4.28268
4.50548
1.82691
3.08056
3.78918
3.04924
0.702855
2.66811
0.225467
3.09296
2.69453
0.144615
2.28245
1.93879
2.65444
2.9617
3.40924
4.95053
0.747438
4.08092
2.7824
3.16186
3.48883
3.77533
2.18488
4.14887
3.53282
2.20915
0.378509
4.71966
1.64926
4.46336
3.31464
4.53058
1.5502
2.87465
2.39915
3.71951
2.45375
3.86481
2.08437
4.05892
3.7875
1.67501
3.44276
1.25765
3.12786
0.42952
2.36374
0.187713
0.442656
3.77631
0.233291
3.37532
0.316304
3.63206
2.22947
0.185164
3.58599
3.20687
0.693317
4.36737
4.38588
0.879111
2.43577
3.49131
3.18978
1.52593
3.83129
3.35729
4.33434
4.22131
2.0288
2.05391
0.164796
1.68541
1.60234
2.21123
3.87326
4.20724
3.49739
3.80219
0.91393
4.26194
1.55619
3.24409
1.66637
2.11652
3.22934
2.72169
2.68028
3.66793
4.5118
4.74202
0.186526
0.94644
4.54737
0.453808
0.808749
2.8379
0.257459
2.95676
1.50346
1.01381
3.12495
4.6607
2.62636
1.62398
0.991098
0.211418
2.18195
1.42189
3.49862
0.0578257
2.59917
2.82444
2.58282
3.13743
3.91001
2.25651
0.926488
1.73824
4.05515
3.38377
4.94584
3.02996
3.34686
2.67663
2.71197
1.36117
1.36161
0.529732
3.67001
0.443408
1.88684
2.43657
1.90153
1.70718
1.19802
0.732075
3.55946
2.09379
4.45231
0.965085
1.90262
2.99685
3.38513
3.75993
2.91495
2.42197
3.75901
1.39367
4.59427
1.02673
3.32283
1.79232
3.39625
3.4505
1.82785
4.69458
4.6912
3.51153
2.66704
3.43767
3.21564
4.16266
3.00803
0.869633
1.67535
0.0850254
2.04441
1.96962
0.853953
4.57688
3.24465
0.820952
2.43313
3.02858
2.75193
1.36495
4.48473
2.93654
1.92053
1.87918
3.49268
1.00617
0.31847
3.81252
3.83676
3.13023
2.1802
2.34675
0.226474
3.96121
4.32654
4.53078
3.30206
4.60691
1.5558
3.96904
1.35616
0.711318
2.5848
1.67608
4.1102
2.70523
4.1161
4.57653
3.90617
0.587144
1.39781
0.699369
1.7633
1.47388
0.30198
3.4096
4.13383
2.74405
2.28608
3.05623
3.4041
0.85095
4.70081
4.5623
1.89377
2.71254
1.72179
4.71764
1.61577
1.29409
1.87882
4.23619
1.21529
1.73026
3.39234
1.39122
1.30606
1.60825
1.15776
4.17522
4.8312
4.01091
1.32662
1.48561
4.05987
0.926591
2.92953
0.790462
3.28375
1.13127
1.36822
3.32747
4.40876
1.4437
2.31493
1.07063
1.937
1.92579
3.35058
2.00981
4.76162
4.31043
0.804394
4.52522
2.493
4.28028
1.66708
1.69482
3.83747
3.22363
3.94348
3.01481
0.984142
3.83688
4.33758
2.39159
2.60476
1.23732
1.71844
4.40957
2.29984
0.0862077
1.05432
4.07747
1.46007
0.579965
0.621642
3.624
2.81139
3.01205
3.91926
1.95088
1.83053
2.81159
2.64572
3.94033
1.17982
2.08934
2.76353
3.84435
0.564199
1.49742
4.7855
1.18405
4.86337
4.42499
4.26156
2.5427
3.13703
3.06515
0.574334
3.03402
4.35753
0.9925
1.24479
0.203087
4.06581
4.8837
0.214343
1.72358
1.31484
1.20279
0.926477
0.949602
3.30665
2.66239
4.64401
1.06389
1.7379
1.13591
4.88672
3.86747
1.96523
2.98329
2.13314
0.127296
0.690181
3.72645
3.07619
1.1993
1.47299
3.11599
1.1007
3.75191
0.370047
4.05045
1.14139
1.63239
0.543313
4.58634
2.26019
1.25048
4.10656
3.3479
3.70562
4.8971
4.34851
0.181894
2.95507
3.11694
3.24983
4.42382
3.80878
2.10754
0.563257
1.65034
2.74224
4.4134
4.29282
1.87591
3.23252
4.35028
2.87579
2.44775
1.19475
1.48106
2.60226
2.26402
1.66827
3.99144
4.89042
0.985501
4.09558
3.25476
4.20176
3.64241
1.424
2.63738
3.43667
3.66381
4.03321
3.83207
1.76984
0.153956
2.90301
1.83825
0.379322
3.33207
1.60554
2.96497
4.20329
4.89202
3.94608
2.93167
0.0517717
2.56696
2.14582
2.74926
1.18383
3.53396
0.55057
2.32607
0.821228
1.96507
3.93216
2.37068
0.161659
0.544202
4.23506
4.36583
1.74366
2.69844
2.49068
2.76967
4.52148
1.3227
1.49333
2.96915
0.353164
3.60088
0.00481651
1.21967
0.0175598
3.21
1.09387
0.27945
2.098
2.43544
2.93885
1.65445
4.85936
3.42447
2.59611
1.38417
0.039808
1.76622
1.13196
1.54535
1.7394
2.59438
1.08478
1.21203
4.50574
1.75399
3.67083
0.354602
2.21905
3.56686
1.15814
4.39769
0.465883
1.99328
0.251676
3.55121
4.37722
4.8237
0.577255
1.63514
2.86619
2.1057
2.5589
0.339452
0.0441247
3.25404
2.47459
4.33819
0.466792
4.56653
4.30171
3.6346
1.35676
3.76543
0.449802
0.00798738
1.19787
2.41894
0.245478
3.03648
1.60994
0.537829
3.77351
1.24728
2.49749
3.72696
3.4946
3.45084
2.55046
1.60844
4.61589
4.38639
1.0348
2.5843
0.637509
4.03463
2.15601
3.33143
1.03574
2.38672
1.90876
2.24383
4.23445
4.95846
0.288049
3.45376
2.26807
2.36584
0.194025
2.72067
4.6854
1.99526
1.44018
1.93585
2.90037
4.07463
4.47156
0.173641
0.786125
2.53373
2.73646
0.590064
4.83348
3.2225
2.72866
4.72809
4.6615
4.93925
4.12352
1.41928
0.287248
4.89322
3.49911
2.07053
0.905358
4.93471
1.30964
3.56726
0.505769
2.68515
0.426584
1.37296
2.73473
1.2167
3.22107
0.0545554
3.75898
1.37936
1.10697
3.07875
4.47082
4.40467
0.372291
4.6457
0.706418
4.26759
3.97917
2.66502
3.67291
4.51375
0.304164
2.30774
3.2742
0.0675093
0.718222
0.408545
0.690812
2.22078
1.01035
0.148646
2.70158
4.08347
1.8343
4.23806
4.37141
1.41829
4.5386
4.95016
0.425561
2.86334
2.45423
4.99845
2.5
4.72981
2.26669
3.65719
1.66682
3.90267
0.454056
4.91998
1.42803
1.48347
2.6131
0.0195609
2.34612
1.43704
4.2934
3.36774
0.169535
2.81162
2.64498
2.94301
1.3448
0.274836
4.68916
3.33672
3.99712
1.61306
1.28807
4.1649
1.08606
2.8724
0.9132
2.39561
4.39095
3.9558
2.45292
1.20283
1.57886
0.461833
0.6357
2.04188
1.75752
4.3525
2.24581
0.314791
1.97849
3.90394
3.18627
1.44458
4.62312
4.59121
4.01342
1.9949
4.2186
3.43365
2.87147
3.24474
4.05704
2.22992
3.96921
1.22684
4.33973
0.438578
2.40312
0.533042
0.766266
1.42359
3.0693
3.90854
1.87845
1.6709
4.73604
4.98159
4.21901
2.94658
1.52229
3.29721
1.31047
1.05277
1.43726
0.612854
4.86036
4.11001
2.54056
2.19305
3.14068
4.13639
1.38748
3.80255
3.7631
4.50648
1.8933
2.53435
1.37141
1.22255
3.40343
1.62957
1.65893
2.61957
3.74118
1.29435
3.27693
4.14768
3.14654
1.49165
3.1826
3.26323
4.98099
4.24854
1.19056
3.36714
3.50811
0.238506
1.09761
3.71027
3.60073
4.32807
4.91845
2.98155
2.30072
1.51198
0.408524
2.36926
0.587854
1.51134
4.6073
3.13108
4.60004
2.48295
2.05477
0.673206
4.40225
0.154552
3.21012
1.29461
0.712282
3.47721
4.37408
3.80131
2.96442
1.93336
0.212531
0.386922
3.32201
4.12286
2.79076
1.01178
1.01339
2.28912
1.71348
3.91379
3.68144
4.20475
2.12064
0.298036
2.22195
3.85041
4.67114
2.14368
4.56201
3.78553
2.06361
4.91799
1.04864
0.603715
4.96715
4.40882
1.3449
0.54335
3.93962
0.977971
2.85142
4.84073
3.75274
0.826063
4.94901
1.07961
4.32196
0.166941
0.783191
1.6274
2.07172
3.30266
1.92022
2.62362
2.11696
0.619519
2.94615
3.25281
1.4528
2.51806
3.54304
2.79237
4.61634
0.90315
3.19889
4.74624
2.61246
3.73863
3.44156
3.68086
4.70083
3.86086
3.19214
4.59729
3.29685
3.14908
2.88262
3.97242
2.14578
3.24202
2.4138
3.19554
4.78856
1.22555
0.824852
4.27205
3.82484
1.79985
3.77686
2.08864
1.00387
2.09866
3.09696
3.02713
1.2851
0.553696
3.03907
0.111695
0.0833067
0.410438
2.87617
0.476189
2.46184
1.77652
0.213492
3.34519
2.97525
0.809118
3.89651
4.05834
4.18158
1.48234
1.72276
4.65078
0.618074
4.50605
1.10578
4.6643
3.14764
3.17493
0.110974
2.94074
0.588752
1.64389
4.68365
4.99855
2.6226
2.67439
1.75894
2.30165
3.98387
0.034513
2.60007
4.66853
3.72037
0.32797
0.696478
0.883135
2.25564
2.45796
2.89598
1.49236
0.779857
3.49544
0.47763
3.46523
2.71381
2.94726
2.99467
0.143721
1.26476
3.48625
1.7449
4.94138
1.17121
4.41676
0.662252
2.7484
1.05603
3.5204
0.863059
3.60969
4.78202
4.30459
4.97867
4.22386
4.87264
1.25927
3.7011
3.90234
2.2105
1.23455
2.34973
0.663436
2.82721
0.0593638
4.27719
0.54116
1.52929
0.0704375
1.24903
2.837
3.66778
2.56776
2.73458
1.89765
2.19015
2.83175
2.52891
1.58044
2.80318
1.26724
3.68779
1.83566
4.71762
1.35618
4.60564
1.6563
4.09189
3.06417
3.70031
1.73559
0.717963
2.22908
2.03482
3.36441
4.51215
1.70189
1.95435
4.85293
1.69838
4.1155
4.77306
3.90127
1.87566
3.96608
4.04237
1.68686
4.26468
0.844577
1.80156
1.49529
1.48426
1.24135
0.221162
0.718248
3.78883
4.00875
2.59481
3.95262
2.54058
1.52194
3.61124
4.67871
2.00979
0.688021
0.438905
4.76966
2.51086
0.930601
0.251811
2.6882
0.689067
4.82536
2.85338
4.52671
1.71842
2.57832
4.13874
2.74443
2.69971
2.13564
3.79188
1.3103
3.59255
0.386173
2.29566
4.47881
4.15368
4.65794
2.73523
1.99864
2.14388
0.124092
2.51227
3.72484
0.139128
4.23861
4.31384
1.57817
4.74942
0.877167
2.27207
2.33366
3.67606
2.81173
2.47136
1.39473
2.46888
4.28524
1.35676
0.775577
4.70264
0.894743
4.94439
0.467738
1.49051
1.00697
4.90861
2.13627
4.0756
1.52037
4.81777
1.13145
3.85305
4.0964
1.4106
4.93967
4.52473
0.289704
0.80347
1.31193
3.33314
1.7348
1.82292
4.79529
4.32594
2.7667
2.15777
4.3177
0.589622
3.2771
2.51202
3.8018
2.3385
4.43492
2.16584
4.36112
2.6219
1.96418
4.78898
0.0105754
1.66594
3.84352
2.02545
2.14822
1.52916
4.10967
2.36553
1.145
4.30914
3.44519
1.11032
3.04971
4.10603
2.48453
3.61969
3.45888
4.96669
0.902934
2.69065
4.25217
3.25632
0.358916
0.222635
2.10452
1.72525
0.954144
2.32436
4.34433
1.99088
0.158575
3.63364
2.34661
0.20009
1.75702
3.04522
3.51827
4.91214
1.24354
3.759
4.9559
1.74425
0.527309
2.96398
3.71215
4.95283
0.0997925
2.69478
2.11426
2.31541
1.30891
3.60759
0.462176
3.12956
2.72956
3.99981
4.18699
0.673245
1.71505
1.61542
1.11456
1.31005
4.01308
4.97546
4.35246
1.47367
1.30642
3.27106
1.77234
1.68158
3.91644
2.05456
3.42955
2.61228
2.909
3.19924
4.396
3.39614
4.49875
4.51642
3.87956
0.313251
4.97228
4.97445
1.20775
1.17739
2.90015
2.96168
0.292877
0.654003
0.339714
1.68872
2.99701
4.98255
0.634787
3.78782
4.0421
3.05975
2.01135
3.58671
4.98669
0.750045
4.06962
1.94344
4.824
3.9085
1.3068
3.8385
4.88484
0.260673
4.31829
0.0115643
1.28442
1.96676
2.67173
4.1807
4.77945
4.18995
1.59364
0.295838
3.60337
2.21868
1.35432
1.33795
0.716768
4.78203
4.30671
3.23983
4.23849
3.86487
3.47584
1.53507
1.68054
3.92009
2.59184
1.37527
4.73229
4.55072
2.24986
0.239279
2.27691
4.1217
3.65871
2.99918
3.83749
0.625798
2.61914
3.70478
0.0605781
0.944601
2.22186
3.88135
1.23082
4.46897
1.61793
3.49997
1.87855
2.30007
2.75571
0.979809
2.75453
4.83481
0.533471
0.0333822
3.02313
3.06428
0.896265
3.29255
2.91464
3.62901
1.16157
4.65739
0.876225
1.23358
0.681526
2.04534
1.26064
1.56407
2.01868
2.81846
3.80793
4.46375
2.58174
3.0926
0.0173733
0.160897
2.3267
0.175103
1.09537
1.988
3.3735
3.61214
3.88118
0.248436
4.45229
3.59199
2.69491
4.98158
3.81124
3.29181
3.64716
1.12118
2.50437
3.09647
0.206839
4.71162
4.51024
1.21597
0.741254
3.22454
2.62446
0.0554653
0.618404
0.722933
3.81831
1.42772
0.0808425
2.76877
4.53247
2.65939
2.86084
1.92831
1.6231
2.47633
3.06125
3.85303
0.2377
2.74979
2.67225
2.05685
3.77193
3.16616
4.27745
3.94202
1.96577
0.397196
0.396954
4.25745
0.168169
1.49314
2.72258
3.89811
1.67599
2.50277
3.38677
1.07108
4.99185
4.92442
2.23095
4.38606
0.898769
2.49617
0.805355
2.27941
0.598864
1.47763
0.614447
0.478592
1.54974
1.14882
3.19107
2.42655
1.44858
2.95408
4.07211
3.97835
4.11996
3.2963
4.42755
3.66053
3.22678
2.20235
2.57089
1.95622
2.62225
3.04356
0.6703
2.88478
0.0463666
1.34604
3.2624
1.59219
1.56608
0.37866
3.15076
1.70595
2.42661
2.74734
1.11547
4.64035
4.70841
1.6079
2.27796
3.22982
1.03523
0.225611
0.810473
1.77919
3.88499
2.06439
1.06038
3.50223
4.10702
3.74066
3.42232
2.14373
0.517686
3.34187
1.70634
1.84298
4.56883
4.56123
4.51322
3.85646
3.71271
0.361876
2.16634
1.38976
3.35395
3.79677
3.02024
4.02367
1.18771
2.87556
2.87494
2.76244
4.47621
0.142294
0.923761
1.33319
2.01198
3.81835
4.42869
0.346978
1.55962
2.15233
2.61084
1.7255
0.273753
1.87634
0.631202
4.38775
4.35058
2.81147
3.17218
0.699951
0.187735
3.05783
2.81927
1.59067
3.05251
0.850216
1.71145
1.07466
4.97285
3.77028
0.385435
4.06108
3.49284
0.792996
4.19945
2.20547
1.02198
1.44801
2.52782
1.92888
3.51569
3.48445
2.891
0.432913
4.27802
0.216832
1.82072
1.79755
1.58336
4.01891
2.62885
0.216407
4.60967
0.00535813
0.145885
0.825886
3.85687
4.87517
1.64086
0.141355
1.53827
4.8798
1.33694
2.77901
1.37511
2.64746
0.0109338
4.80172
2.59533
0.216168
4.94814
0.805389
1.41762
2.14191
2.76514
4.63674
1.42094
2.55671
3.40179
4.26798
1.8696
1.17182
2.24487
1.56035
3.98072
0.522596
3.18639
1.17975
0.145614
3.03918
0.359647
4.55567
3.5546
1.18116
4.8447
4.44859
1.82654
1.34906
3.82371
1.8
0.622105
2.48145
2.07935
4.82841
4.45453
1.09234
2.01388
1.95531
0.538631
3.52384
2.26428
0.719486
3.15937
2.70337
3.24898
3.87473
2.87177
1.52192
2.88197
4.28394
0.83961
3.06947
3.40362
4.84494
1.84719
0.727189
3.7253
4.27943
4.89542
3.05138
4.98412
2.67262
4.02758
4.19553
2.65942
2.7226
3.78065
3.58416
2.42264
3.77329
0.481873
0.51223
1.15796
1.13125
3.24162
4.06069
3.61458
1.37894
2.73689
0.53996
3.87554
3.79434
4.60267
4.47062
4.27413
2.0994
0.669769
1.52722
2.20394
1.2795
2.97854
3.43966
1.7528
3.616
1.48401
1.32478
0.100391
2.1778
1.92146
1.72892
0.611282
3.86249
3.03236
2.97572
3.8889
0.426717
1.5055
4.05187
2.98499
1.614
3.03935
0.752764
2.06691
0.0370327
3.05363
2.01151
1.53931
2.43883
1.58971
0.0218043
3.06584
3.66839
3.56817
0.788924
2.95213
0.421532
3.88068
0.0388809
2.10769
4.94529
0.72259
1.48139
0.775097
0.316783
2.88812
4.08473
2.27556
3.14631
1.6894
2.85136
4.31101
3.03286
3.23841
3.99306
1.77795
4.48661
1.3713
3.67762
3.43905
0.288487
2.4728
4.39588
3.50181
2.59101
2.71132
3.71294
0.17446
2.64024
2.26249
4.18594
4.61201
4.62384
3.85997
0.242536
4.53922
3.83829
3.56938
1.95877
0.531052
4.88002
0.32403
3.40178
0.659326
4.21228
0.254735
3.87995
2.01914
4.66578
4.87095
3.72486
2.09533
1.99821
0.270123
4.37516
0.992751
4.06738
2.26596
2.69762
4.70702
0.130979
3.15889
4.86021
0.558596
1.47401
2.92615
3.46047
4.89777
4.15838
0.955715
3.07105
1.71737
2.81885
4.61521
4.34558
2.36837
3.38246
1.45874
4.48434
1.60033
2.70873
0.492282
3.50918
1.41696
0.45777
1.02132
4.85354
2.21516
0.821302
4.40271
4.97237
1.75811
3.36593
4.43919
0.777854
3.17505
4.73962
0.178226
2.15673
0.938322
3.47699
1.7791
3.15298
2.94487
1.61063
1.37502
4.97102
1.14552
3.33925
4.89453
1.89803
4.19627
2.94951
4.99077
0.28685
2.70673
2.77651
3.68264
2.01239
1.87535
0.156638
1.62429
4.1046
4.52327
1.44495
4.26166
1.04279
4.92908
0.460261
0.902567
1.83095
2.82069
3.7872
3.51162
0.384243
3.12459
1.95431
4.12157
1.20975
1.4574
3.78573
0.902773
0.433179
3.1984
4.32214
2.70606
4.93969
2.02387
2.41533
0.519337
2.73689
1.29124
1.88704
3.7986
3.86469
1.46816
2.06808
3.89127
2.38283
3.02963
3.6703
0.331523
0.827163
2.11596
4.80275
3.61732
1.42326
2.56107
1.69026
4.06866
1.41904
3.55943
3.07397
0.940677
1.19052
0.649164
2.19644
2.79372
1.8949
2.27322
1.62368
2.99007
3.76068
2.99396
2.17503
2.65562
0.212248
4.50094
3.32087
3.76689
1.82036
0.687138
3.07695
2.91834
4.70436
2.90869
1.51858
3.20483
2.59602
4.33582
0.999299
1.55775
2.13373
2.38506
4.45032
1.99401
1.29893
2.24787
3.5824
4.83765
4.65668
3.12866
2.88193
0.870485
1.01132
0.763642
1.98423
3.91355
0.851541
2.82529
2.48908
4.45055
4.56513
3.50805
1.16215
2.84066
0.602229
2.54454
4.2141
4.06147
0.412361
2.47879
2.4193
1.19558
2.44888
0.903399
3.6532
2.32877
2.35643
1.13942
2.85325
1.21027
1.22793
2.80939
0.0516931
4.75795
4.38456
1.12859
2.19503
1.67786
0.676995
2.13723
0.00814526
3.69965
0.338104
1.27334
0.448339
2.07149
3.80698
0.870937
1.63741
2.40099
3.13074
2.42817
1.6837
1.8916
3.39281
2.22824
0.320684
0.24356
0.510354
2.55324
4.05117
1.50241
3.28386
4.31797
2.52326
2.33904
3.20951
1.78966
0.431686
0.316112
4.69703
3.91055
2.38752
3.46946
4.50336
2.85608
2.06785
1.28489
2.68927
3.67938
4.49086
2.65534
4.91664
0.829723
1.81396
4.37408
0.52826
3.93595
0.211037
0.468018
3.14962
0.210459
2.64279
2.83975
4.76145
1.63957
1.95242
1.1815
1.13859
2.43002
3.39698
0.688973
4.39475
4.44021
1.55394
3.73809
1.62928
0.0192764
4.30302
0.612963
2.05584
4.83607
0.179702
0.322219
1.122
3.6336
0.426744
0.813167
3.33312
3.44467
3.35036
4.05325
1.0235
0.0475483
1.99009
3.05798
1.11706
0.0223984
2.28615
2.04916
2.44896
2.87057
0.999673
2.79306
1.41957
3.60748
1.06468
3.5561
3.04306
0.698182
4.23934
2.54295
1.2847
0.924363
1.94303
2.99689
4.28483
0.284755
2.93616
1.71936
3.10303
3.49738
0.93968
0.512239
0.426884
4.62553
0.457729
4.20123
2.61931
0.309793
3.20631
3.60751
2.97237
3.83503
0.555709
1.8518
3.46483
2.67425
0.379215
0.66666
0.806753
2.22923
1.13049
1.66257
3.77571
1.40237
1.31063
4.11525
3.58343
4.52697
0.0327281
0.685179
0.400795
2.66265
0.799239
4.16789
4.1198
3.42674
1.63127
3.95263
3.3247
0.600946
0.67418
3.85436
2.2686
3.61388
1.57089
3.80125
0.725672
2.75098
2.49037
1.14766
0.177702
1.42751
0.231828
0.311234
3.22507
3.11969
4.20495
3.0531
0.39356
1.33832
2.95266
0.636671
0.953535
1.70759
3.32319
3.61859
2.12317
0.276114
2.45638
1.79815
1.381
4.38418
1.07253
4.7976
1.82357
0.658799
3.37983
1.60138
3.00738
4.29496
2.27659
2.40766
4.16088
2.3159
0.851041
1.75989
1.5248
1.10541
2.46332
1.61603
4.5068
4.04147
4.48505
2.92157
1.90566
2.71023
3.09393
3.16518
2.57623
3.7122
4.70011
0.662997
1.5315
2.9287
4.13777
1.72251
3.99618
1.18223
1.55749
2.5744
2.27561
0.786751
3.74876
4.39794
0.60874
0.0778773
2.9487
1.11037
0.0772962
2.79496
2.64167
0.928365
3.713
2.8601
0.36363
2.72398
4.11609
0.402097
0.783505
0.477965
3.92818
2.84572
3.23454
4.14399
0.174598
3.2128
0.67948
3.41498
4.05399
0.241781
4.96733
0.843517
0.428427
2.37643
2.08187
3.88091
3.10243
0.452864
3.17235
3.97339
4.76312
3.21811
3.16603
0.918949
1.31014
1.65324
1.15194
2.06833
2.29105
3.86793
2.52825
3.17329
4.48629
0.247204
0.233965
4.59357
1.95989
1.07012
0.729731
3.32281
1.70035
1.33597
3.94347
0.340156
4.82181
1.86062
4.5665
2.38496
4.28411
0.646595
2.42113
4.75864
2.70996
1.08434
4.591
3.26262
0.442287
0.55059
2.84101
1.29299
0.124104
0.465967
4.71613
0.708501
1.91429
0.719576
4.85056
2.59155
2.83354
4.27403
0.833433
1.3274
4.51803
2.01542
1.1589
2.14353
3.8699
3.55508
2.03654
3.28039
0.884609
1.36751
2.04817
1.61828
4.08519
0.98181
3.23883
3.3925
3.27744
0.194806
2.63301
3.06257
3.86154
4.68752
0.506702
0.117908
1.48155
4.24502
3.10563
3.38351
3.20153
1.28422
4.75998
2.18706
0.0895081
0.663542
0.373994
3.94358
1.24717
3.30329
3.16941
4.29086
3.96393
3.47355
3.67562
2.52005
3.32532
3.22745
0.757666
4.91681
2.32777
4.02448
4.73903
1.93457
4.14163
4.0839
3.03919
4.35926
2.28802
4.18558
4.1647
1.15702
0.654023
0.531222
3.92493
0.743811
3.83544
0.448875
1.80531
3.21666
3.86718
1.36679
0.113498
2.04717
3.71067
3.29005
4.5292
3.41362
0.0401014
4.0619
4.46089
4.33677
2.01331
4.40495
4.31494
1.70462
4.45721
3.99163
2.02498
2.72848
1.8533
0.831265
3.48335
0.4698
4.16164
2.2248
0.165401
0.381452
2.20116
0.514282
4.4523
1.15387
0.516937
3.11445
4.05975
4.8313
2.05226
3.54964
4.7827
2.17345
0.699583
1.55111
0.113711
1.09046
1.24975
0.869211
2.66529
4.62502
1.04421
0.924038
0.255485
2.70787
3.16928
1.25366
2.95937
0.728057
1.40092
3.48548
1.21707
3.31419
4.88531
1.96093
0.163124
4.57837
1.07177
1.91401
3.61493
2.79097
1.0077
0.485665
1.9809
1.73523
2.13764
3.55836
0.765882
1.60529
4.31263
2.49972
1.03875
0.149183
0.462442
0.752832
3.76423
2.72697
4.00487
3.31988
2.89287
1.30278
3.74449
1.25317
1.53736
4.2426
3.94378
1.22563
1.24431
4.59526
2.66187
1.07878
3.52101
3.55672
2.80586
1.31312
0.147634
2.68572
2.85363
1.45862
1.31552
0.0797556
3.29607
2.68957
0.659597
3.52074
4.39746
1.34811
3.92347
4.15881
4.37309
3.53313
1.64072
0.139732
0.355963
2.62601
1.35073
0.154488
4.97422
0.908815
0.752898
2.53932
3.52972
3.45234
1.67897
2.01417
0.286873
0.0663666
1.58025
4.78633
3.35917
3.52733
4.73098
0.631737
2.09989
2.77679
4.26107
1.16006
2.15135
0.621046
0.464811
2.76561
4.24327
2.00608
3.34441
3.65026
0.336044
0.358459
0.569203
0.0398763
1.97318
1.98489
0.930938
3.59093
4.58203
4.51641
0.280435
0.54673
2.13499
3.51358
3.38761
3.04397
2.66804
0.897507
1.46229
1.86183
2.79245
1.11678
3.73248
1.19754
4.6505
0.905269
3.28443
0.0984219
3.73758
2.66593
3.45429
2.76613
3.61407
1.18454
2.19497
0.949701
3.66009
3.56365
3.09553
4.6293
4.49282
4.58627
0.573876
3.7525
0.0594681
0.109734
3.05062
2.48555
4.35657
1.68998
2.47657
1.17992
3.42063
4.45746
4.57353
3.68501
2.87384
1.79554
3.68923
2.1631
1.38374
0.9015
2.67175
1.66023
4.53881
2.26942
2.15793
4.13112
4.5125
4.47603
0.0642661
2.49147
0.208649
0.129598
1.48652
3.74729
2.02166
2.828
4.59927
3.24326
3.83588
3.40694
3.07211
3.60569
0.850413
0.418334
1.09453
3.21691
2.34492
4.89429
1.60124
1.32779
1.55378
3.16162
4.27717
0.644981
0.0563575
4.26759
1.5101
4.56593
2.71603
2.86041
2.15519
3.11595
2.54062
0.818341
4.33895
0.1806
0.425484
4.87504
2.55275
1.79716
1.1196
1.85008
4.64059
1.47763
4.14787
1.85962
1.73497
0.742907
3.54528
4.31815
2.29701
4.78617
3.80031
3.8537
4.54563
1.97697
0.722229
0.840298
0.468026
4.34032
0.668166
2.61654
3.94721
0.120324
4.15305
3.66596
4.46588
1.18192
0.555225
4.26792
0.830736
4.19282
2.55698
1.00873
0.279232
0.055463
4.63346
0.127303
4.4478
2.77749
4.61394
4.28206
2.5808
3.65908
2.06968
0.671601
1.92224
3.54391
1.36496
2.73596
2.60265
2.72809
4.59194
2.01013
4.89818
2.90753
3.67603
1.7195
0.248568
1.51689
4.69343
2.13594
0.339662
3.0058
4.46101
1.26658
0.85438
0.930236
3.1463
3.76612
2.30729
0.145889
0.374094
1.41018
1.48672
1.0441
3.29609
3.98752
2.82232
1.55914
1.71051
3.35505
1.0189
1.69009
2.80603
4.37497
3.61591
3.50163
1.22841
1.0682
3.51068
2.02518
0.389038
2.17298
0.930246
2.41997
3.28494
4.49963
0.672339
4.36677
1.86698
4.98265
1.05232
2.8102
1.07104
2.09441
0.531232
0.688097
4.13282
2.50309
4.31911
4.55317
0.580759
2.12764
4.49526
0.878501
1.0642
4.41052
0.16899
0.828739
2.28666
1.28386
3.41972
3.62982
1.66927
3.2826
1.93496
2.91469
4.9897
0.939743
2.75295
0.33254
4.68408
1.51544
3.86367
4.43303
3.70916
4.00727
2.85452
1.81758
2.7246
3.58168
2.66603
1.11244
3.05625
3.75153
2.9232
1.66135
2.38573
1.27331
4.79849
4.77735
1.44329
2.21824
1.70533
2.08152
2.88592
1.44292
3.98505
3.07462
4.43648
2.5614
2.6885
1.73027
1.43394
4.81231
3.77161
0.201922
0.591631
3.88535
0.0521404
0.988349
4.85769
3.25509
1.36209
1.59657
3.09434
1.21197
4.69489
3.46047
0.0902802
0.303174
4.14411
1.05792
4.74121
2.94057
1.77796
4.81645
1.53785
1.2154
3.0538
1.16241
4.53272
1.14884
0.96243
2.48659
0.730985
3.11315
1.66755
3.78527
2.35763
0.258157
2.00891
4.85745
2.5543
3.16898
1.15128
1.61626
3.32919
0.0640066
1.58295
1.6525
2.24549
2.13226
2.90726
1.20778
1.25156
1.50627
4.91035
0.978148
4.15344
0.0369837
2.52833
2.82981
1.63709
1.97254
2.29554
1.72054
0.0438998
3.12328
2.24207
2.49669
1.19147
3.14912
1.56328
4.70274
0.0680583
2.86327
0.781838
3.22947
4.56389
4.61799
1.86044
3.99879
0.881579
2.17229
3.02774
1.59556
4.20521
0.186101
4.98995
2.64048
0.862805
2.79
0.948181
4.38734
4.66335
3.83512
1.5518
3.79046
2.19655
2.47564
1.4591
2.90284
4.24595
4.78888
4.36576
2.56112
0.24364
4.55568
2.50122
0.545423
4.23025
0.886214
0.502903
2.2357
0.22538
2.61812
2.49017
3.17098
0.870574
1.74556
3.31133
2.46927
4.57748
0.210799
4.0549
3.00937
0.0026977
4.32684
1.70793
4.87715
2.84408
2.97334
1.34893
0.563503
0.80179
0.394571
3.75448
2.10822
4.89731
0.210012
0.0706976
4.62096
1.27459
0.148274
0.0267387
4.67817
2.62494
0.24122
0.0856918
2.48295
1.37622
4.57651
4.46713
2.0655
1.22809
0.707142
2.09789
1.5255
4.24676
3.84107
2.25356
3.94197
0.0418083
4.92907
0.381421
0.547726
3.69017
2.41992
1.26477
2.75596
1.69592
4.99281
4.45628
2.97915
1.52456
0.59732
4.90291
4.31504
2.04139
0.898111
0.199965
2.95342
1.39608
4.00303
3.19839
4.60762
0.898078
0.0546192
2.13763
0.632897
0.821685
2.08918
2.50243
1.02954
2.58676
4.47282
1.33863
3.55321
0.356868
2.99084
2.08433
4.37643
2.50626
2.29533
3.98018
3.01862
3.49079
2.75499
1.50267
4.07371
0.547915
1.92377
0.371447
2.83583
3.25546
0.10855
3.79564
4.35254
0.758253
1.43813
1.33658
1.43418
4.37043
4.81117
3.50044
3.82021
0.443661
3.79596
4.72731
3.27102
1.48947
4.08682
4.94479
0.390738
1.50552
4.19551
4.00727
0.814432
0.329623
2.38055
1.15452
1.30935
2.6513
4.62745
0.429469
1.7518
1.17346
4.62217
2.71095
2.93459
0.873686
1.96623
4.91611
1.02722
2.27126
2.74235
3.5236
1.05991
2.70501
3.01629
4.41742
3.79963
1.78637
0.785138
0.548331
3.47739
1.7805
3.40624
0.118047
0.785928
0.552657
3.64702
4.35261
4.39772
2.51599
4.59029
0.976431
0.636603
4.75709
0.72755
1.91974
1.00369
1.34213
1.96448
3.93929
0.767428
2.4363
1.75668
0.909045
0.621568
4.11321
2.43897
3.69958
1.10424
4.50676
1.9438
4.50003
2.55163
0.439467
3.40613
1.58313
1.9932
0.266317
4.94145
3.67804
1.65979
2.46045
0.756607
3.18498
3.95733
2.29397
0.0374661
2.87156
1.26008
1.53517
4.51797
0.0586699
1.88042
1.29947
3.94474
3.47102
2.60715
1.98351
1.48166
2.77926
4.74678
0.925955
3.90174
3.23338
2.34702
2.76911
2.03606
4.92059
0.124089
2.85567
0.938655
1.98316
3.05873
3.25178
4.8189
4.74859
2.47983
1.78304
0.872345
0.857164
1.27959
3.46214
2.19922
2.90181
4.0105
4.31693
3.00199
2.84508
3.89998
1.00848
2.93406
4.77603
4.85505
0.718118
0.452496
4.20673
0.0687614
3.13876
0.0408053
0.256839
4.31027
2.13528
3.96073
4.5305
3.86879
2.13744
4.93375
0.9187
0.592412
0.227962
3.99638
3.46646
0.818679
4.96099
4.62636
2.96486
1.57659
4.52863
2.02922
1.91979
3.53453
0.175031
1.91388
4.26375
2.75708
3.52459
2.74499
1.31849
1.07795
1.11648
2.52984
2.30019
2.51165
4.86813
4.49244
3.85264
1.91128
0.132917
1.66556
2.3909
2.56752
2.73776
2.7128
3.84352
0.671922
0.160049
2.5013
1.24323
0.286742
3.53143
0.836606
2.03616
1.26406
4.38318
3.45768
3.07139
2.59593
1.40645
3.4009
2.65041
1.46841
1.42175
4.4516
0.92432
1.00317
3.32489
3.27668
4.34692
4.31005
2.55917
1.36027
2.40984
2.84212
4.89428
3.37012
1.37606
1.36639
0.322573
2.27141
3.89284
0.506976
4.13289
0.518196
2.20897
2.60013
4.73065
4.3603
2.36139
2.83613
2.55607
2.49408
4.68299
3.12846
3.54928
0.307598
0.204883
2.232
2.91536
2.51509
2.62189
0.464619
0.83284
2.26963
2.07223
4.34883
4.56856
0.397061
3.62992
3.19475
0.968733
4.25743
4.95715
3.5888
3.16166
3.81569
4.2385
4.33181
1.70905
0.0214988
2.92298
1.75004
1.33355
4.33048
2.78572
1.79469
2.33206
0.435213
4.74602
4.61333
2.155
1.4676
4.11762
1.22402
1.26354
3.04951
1.72455
0.0876649
2.80923
4.75364
4.35157
2.20909
4.0485
2.87852
1.08951
3.62915
3.11069
2.99162
2.86808
3.18023
2.93677
2.36143
1.68513
1.81544
0.429229
4.97972
2.64258
4.94644
3.27372
4.16825
3.25537
4.94004
4.21553
0.524955
4.43184
3.30894
1.62137
2.80806
3.75238
2.30939
2.41114
3.72635
3.9093
2.72572
4.3821
4.10624
4.10691
1.86165
0.460253
3.82967
1.49503
1.47387
3.09208
0.0621498
1.84384
3.34164
0.852711
4.97391
4.5059
1.07452
1.78104
3.8826
1.29389
0.121679
1.04008
3.58052
1.93642
2.82466
2.51811
2.4465
4.61752
3.15708
0.439811
1.97365
4.28867
1.13094
2.07366
0.0120186
1.5527
0.255298
1.94224
4.13786
1.4285
0.977613
4.47291
3.15087
1.31117
0.184022
4.78128
4.95507
2.79066
2.45708
2.30155
2.97244
2.41391
4.02841
2.13547
2.54168
3.52712
4.65252
3.21919
1.38923
2.50708
3.13135
2.91028
0.635906
0.473024
3.50642
2.76529
0.155968
0.793
1.15649
3.84442
1.46312
2.50188
3.19568
4.71175
1.36649
3.5217
1.4906
0.784777
2.4765
1.71269
1.77963
2.74488
0.882055
0.153116
1.30204
1.24044
3.61847
4.7774
0.0763153
3.8226
1.90092
2.34955
0.790562
1.6457
0.300029
3.4113
2.12747
4.03869
3.15089
0.266251
2.63579
3.01521
1.38078
0.522801
4.87286
4.85878
0.561007
2.0778
2.5423
2.28663
0.216723
0.176406
2.29655
1.34946
2.19126
0.782657
2.28219
0.0718531
1.8361
0.608007
0.129178
3.47872
4.93982
4.11194
0.580263
0.817484
1.09841
4.98655
4.63743
2.26369
2.46823
4.39755
3.62453
2.69129
2.59484
2.11378
3.60638
0.545851
0.717346
2.98214
3.60637
2.95675
1.07312
1.32564
0.0967255
1.84652
1.29635
2.19693
3.2766
4.40238
0.397539
0.140158
2.50795
2.15969
0.445891
1.13462
2.71615
0.0994362
2.75034
2.96523
3.25366
0.327705
0.37687
1.39372
3.68599
1.42494
2.66425
2.09866
1.17428
0.971272
2.64273
0.375602
3.49088
3.27011
4.02644
3.28007
3.27824
1.07244
0.765844
4.19883
0.350986
1.22434
4.71337
1.3636
2.87292
2.04277
3.66201
1.24417
2.37236
3.61577
4.03928
3.26396
2.41161
2.79919
2.56105
2.46879
2.64852
3.71214
3.87615
4.69379
4.80644
1.18319
3.34904
2.85971
0.73084
3.16172
0.463697
2.75311
1.33414
0.0563502
1.71048
2.93362
3.49406
1.41445
2.64998
0.925946
2.04284
3.54129
4.57551
3.6529
2.20764
1.80982
1.19307
4.02882
4.22636
2.33715
4.39988
4.92019
3.89038
0.927748
4.18412
2.37801
2.8268
2.5273
2.73629
3.43201
2.7252
0.579063
3.047
1.79351
3.02716
3.07141
4.27812
2.19043
1.2155
1.7487
4.05269
1.70846
0.388032
1.5173
3.1131
4.24042
2.69628
4.21995
1.57076
2.68137
1.05715
0.526049
4.22326
2.24975
2.14737
4.2249
2.20655
3.11823
4.31257
1.06322
1.07564
2.68349
3.6077
4.90187
2.13263
3.40684
0.666368
4.64244
2.99571
2.29943
2.85022
0.566228
1.97749
1.35183
2.99171
3.43521
0.369071
3.96418
4.69898
2.96334
0.495602
2.36456
1.43856
3.32254
3.06441
2.26753
0.743108
2.10831
0.896239
1.79628
3.89381
0.473446
2.96043
4.98441
4.61085
1.02684
3.69883
1.76415
2.93722
1.58226
4.98344
4.02684
3.40542
3.01901
2.83878
0.642298
4.64529
3.16796
0.304998
4.41265
3.3118
3.73028
3.22372
4.78173
3.22481
4.40023
0.69446
3.23019
4.96881
3.17009
3.81268
3.35065
4.59222
2.58214
0.325732
3.95569
0.133355
0.659057
3.62608
1.23048
2.78063
2.71286
3.68516
0.0536573
4.7058
2.35745
2.81496
1.86011
3.51002
3.87982
0.861525
3.43329
4.42837
1.5402
0.486519
0.424537
4.63311
1.34395
2.48181
0.661064
4.56991
1.66347
3.23941
1.05037
4.63466
3.86346
4.79125
0.0257459
0.435026
4.73056
3.70751
3.77391
3.10174
2.56556
2.63573
3.53277
3.37528
1.7636
4.0847
0.720108
4.6809
2.72753
1.20234
1.74444
0.699696
1.81124
3.58063
3.62153
4.97647
4.8721
0.784629
1.99593
1.23107
0.701213
0.603187
2.7949
4.1659
4.51022
3.27501
0.0926949
2.08536
0.285789
1.33004
3.92316
0.772324
3.19161
3.94947
1.43045
1.06987
3.0836
2.55009
0.283337
1.51456
2.24624
0.500175
3.15361
4.99184
0.225753
3.71986
0.0918176
0.766008
2.01577
3.49653
4.7034
0.27409
4.96017
2.56665
2.6658
0.33755
3.38134
0.0572228
1.30862
0.641432
3.19221
0.0945872
2.28488
3.87735
2.02054
2.87551
0.933785
3.88548
0.53366
4.00506
0.701391
2.51183
2.90493
4.59845
0.0391597
2.66813
4.49779
1.85139
3.23202
2.62452
1.14903
3.9608
1.05749
4.481
4.57298
0.118596
4.71323
2.65388
3.123
2.87343
1.3234
4.1927
3.24575
0.340357
3.27277
2.90777
2.88183
4.24029
3.32652
4.21387
2.02505
1.56719
1.94241
1.69359
1.04619
1.70171
2.03057
1.1173
1.07997
2.35666
2.15463
4.90078
4.82134
3.31311
0.849163
4.01594
2.72513
1.93464
2.61824
4.62836
2.5819
3.57113
2.13148
4.25615
2.23429
1.45623
4.42946
3.13584
2.38475
0.579786
3.15889
1.89612
1.78925
3.83702
2.84714
4.08847
3.35382
1.57959
4.50036
2.80741
0.562691
0.179318
4.67529
0.0908228
4.16506
3.16415
3.27447
2.44395
2.7656
0.355788
4.41052
1.40294
2.12966
4.07611
3.46768
0.600042
4.71323
0.257315
1.90915
0.677473
1.40749
1.11116
0.389868
3.75123
0.116505
2.59258
4.77479
2.2237
1.91969
3.80953
0.451218
0.872908
4.45043
0.0248727
1.99649
0.69167
4.89622
4.78368
1.45835
0.344457
1.33796
0.155243
0.99098
0.539623
2.67872
1.14181
4.03003
1.34512
2.3525
2.45655
4.71628
2.09915
3.61289
4.3726
3.20622
4.21317
3.53254
2.27468
1.50521
1.82396
2.33012
0.699745
2.46063
2.90855
1.68797
2.02252
0.107093
1.00505
2.91903
1.65887
4.3907
1.25925
1.79964
2.47348
2.91233
3.69276
2.98693
2.52487
1.45192
4.75021
2.93962
3.45242
2.79824
2.19821
3.63022
4.64272
1.92426
2.71987
1.73118
1.3495
4.96809
3.58699
1.99772
3.05338
3.48058
1.24324
2.66261
4.83892
1.30565
1.53773
2.60544
3.12405
1.36032
3.49683
3.53767
1.06223
3.64275
4.98229
2.52052
4.63749
0.694291
3.97789
0.182451
0.638493
2.16769
3.36829
0.377422
0.92374
1.99753
4.14151
0.565463
3.28898
0.140106
0.805738
1.81345
2.07917
3.31781
2.87875
0.893516
9.82592e-05
4.70303
3.22707
1.39598
2.23517
2.85993
4.81548
0.270239
2.37441
0.0792439
4.06121
3.12196
3.32297
1.23969
0.938388
1.27145
2.59885
2.0816
0.482194
3.90865
0.961628
0.843647
1.97363
4.37722
3.90065
4.25796
1.44224
0.629567
1.92382
4.89493
3.11471
4.62811
3.13601
2.86771
4.12622
0.0744381
0.698392
0.96955
4.21914
2.81936
3.18061
0.494301
3.82861
0.540496
3.72502
2.82093
1.85386
0.0119014
1.98187
3.14796
2.25507
4.5093
0.107517
0.559981
2.78879
4.96559
3.64736
0.0708939
4.2932
1.31053
3.82939
4.96401
3.07463
2.61124
2.2569
0.545216
4.98403
3.34126
2.37915
2.63054
4.13616
2.65958
1.7698
4.35417
0.324508
1.89084
2.15231
4.28633
0.77792
3.8155
2.12573
1.1817
2.36527
2.22152
2.03852
4.43202
4.01877
0.334788
1.51283
1.50861
1.92276
1.98921
3.93184
2.41509
3.18987
0.792208
4.16763
3.87896
0.224668
1.80402
0.427531
0.529493
2.521
2.3762
4.12376
0.10441
0.688439
1.95926
0.616978
4.75319
2.76138
4.57108
4.75694
1.81636
3.3509
2.29438
2.46525
2.77268
4.98077
4.28657
4.75359
0.45882
3.12457
4.58592
4.34426
3.92072
0.396946
1.72938
3.26878
0.357887
3.55089
1.12292
4.69035
2.9398
4.6468
2.83711
2.96324
3.85593
0.292815
3.51769
3.52589
0.986253
1.84774
4.34628
2.96841
2.59675
2.87856
3.92234
0.12229
2.8226
4.8251
0.0282529
1.07948
3.79449
1.66833
3.97085
1.65117
1.99516
4.28852
2.85311
0.555318
4.17612
2.045
1.01171
2.98535
3.02346
0.109373
0.418802
2.69474
4.61945
0.317133
3.0257
4.4295
2.46964
1.40794
4.15592
4.90356
1.60766
2.26214
2.30439
3.0171
3.72377
1.02694
3.15567
2.6782
3.75729
0.958805
0.28352
2.36682
0.352713
0.418691
2.44607
4.97543
3.82596
4.83576
4.0011
1.27858
1.14407
2.69155
1.57175
2.52223
3.29239
1.90659
0.206024
4.34107
4.12522
4.22412
2.26632
0.145883
3.8642
4.90855
3.99242
2.43326
1.51687
3.83281
0.673966
4.77744
2.22701
3.10225
0.976939
1.53399
2.4133
1.84256
3.33399
3.10455
3.2397
2.01103
0.366493
2.98977
0.482139
3.48248
0.633095
2.56262
4.69131
3.79526
4.77946
2.767
4.55404
4.62413
2.17763
1.88354
1.54708
4.52097
3.56145
1.40564
4.94696
0.508003
0.616687
4.8796
2.04725
3.20865
0.911613
4.32068
3.17249
1.84667
0.777886
2.60373
3.8804
0.994327
2.52859
1.97743
4.70397
1.74201
3.92208
1.2519
0.621739
3.19889
2.3532
2.79576
2.32604
1.80014
2.41694
3.15613
0.838475
2.81569
2.0984
1.42073
2.85128
4.92376
2.73267
4.59662
4.24744
0.998011
4.62073
4.26721
1.9252
0.116433
4.84886
3.83979
2.05226
0.194395
1.53179
0.236426
4.57504
2.65477
2.51389
1.51467
2.82946
0.792034
0.91832
3.72109
3.82515
4.99971
3.87152
0.294264
0.601236
0.503558
2.04624
2.93556
4.70488
1.56003
2.31678
0.408574
1.66379
3.40257
4.08679
0.978135
1.23846
2.6204
1.59501
0.164365
1.03245
0.581313
3.70121
2.38363
1.96085
3.69498
3.20265
0.522479
0.197071
4.73446
1.86102
1.6767
3.5191
4.57187
1.74165
2.00258
0.499234
3.00009
1.85016
4.15762
3.84763
4.25292
2.5919
4.85148
4.31145
1.7817
4.40456
2.73619
1.07298
4.19759
4.08058
3.20398
1.13721
3.56915
2.47911
3.28207
0.346934
3.12862
0.122378
4.01298
0.0873724
4.54951
1.69772
1.37175
2.66666
0.0206887
4.63598
0.837938
2.01542
1.90115
3.67915
0.929544
0.383492
4.76173
3.87056
3.8605
0.298367
1.73772
3.03011
2.32408
1.5686
0.554995
1.79388
2.77855
2.62051
2.71936
3.94687
3.02826
1.46435
3.86023
4.55447
2.95886
3.40048
0.307225
3.78923
4.32125
4.34005
0.855658
2.7878
0.537784
3.43097
1.54138
0.852669
3.70891
3.49464
4.5411
4.5767
4.64521
2.57944
3.14694
2.73001
2.09214
4.51409
0.969598
1.74403
0.832194
2.80575
1.2256
2.35456
4.96367
1.42534
1.66616
1.21202
0.895351
3.11535
0.122408
4.25052
3.41176
4.66648
3.34849
2.51209
2.22772
3.42645
4.75912
1.05037
1.96254
2.88314
3.94897
1.75381
4.17318
1.19574
2.07459
1.78257
2.48754
3.68162
4.28058
4.7894
3.74637
3.32397
2.80562
0.142596
1.55995
4.78679
2.58501
1.11688
4.8181
2.77947
0.437444
2.05537
0.63528
0.508262
1.11312
4.14573
3.08271
1.59381
1.43083
4.96358
1.98586
0.132263
3.78624
4.20414
2.90968
0.625378
2.74285
1.13329
2.97784
0.0770483
1.81413
4.65103
0.677996
2.09586
4.104
3.22687
3.85323
1.12575
0.141701
1.20323
4.74128
3.05707
3.98471
2.13537
4.45278
0.220389
1.97829
0.0842837
2.91307
1.39324
1.05927
0.503147
1.43775
3.9887
4.27891
1.17608
0.433878
3.26486
3.88493
3.99066
4.67374
1.75603
4.93035
2.10839
3.6651
3.71946
3.61222
0.510741
4.80845
0.316545
1.7646
1.03276
3.25586
3.93837
2.68334
4.27997
1.80873
4.31756
2.88504
4.99719
4.29112
3.73115
2.39256
2.75573
1.07226
2.5146
0.926737
4.92273
4.71723
1.7279
0.72726
2.25574
1.70291
1.15052
2.72639
3.23142
1.56545
3.23775
4.28233
2.06666
0.58967
1.93146
4.74192
1.80708
2.62421
0.115906
2.01943
2.94058
1.66181
4.2184
1.67483
4.17426
2.8507
3.04834
1.44726
2.42622
0.214016
0.393899
1.17325
0.45658
4.06644
4.29447
4.02967
1.53285
2.04606
4.81521
1.72685
0.0745522
0.207575
2.54352
2.22339
4.28475
2.57101
0.349012
3.05531
3.39382
0.987676
2.79
3.63552
4.88224
2.02291
2.4116
0.654767
0.459822
3.88857
1.26957
2.03756
1.71171
3.93419
3.309
4.50385
1.74023
2.80111
1.4229
1.32924
1.79623
4.39419
2.34546
4.78643
2.70237
3.48258
1.79188
3.38587
2.24859
0.0613614
3.46354
2.27699
3.7365
4.26686
2.62957
3.23838
2.54282
1.8432
0.740527
2.47638
2.42314
1.41525
3.271
3.57741
4.5619
0.388934
4.75743
0.170859
4.12095
2.83883
0.397499
4.16735
3.38851
1.81301
4.00723
0.833566
4.90805
0.952355
0.88334
3.06007
2.50579
3.18407
1.45873
0.16538
2.40944
1.78154
4.15669
0.989667
0.0741534
0.418894
3.60024
0.889257
2.37221
2.81155
0.0662851
1.9746
2.80432
3.72887
3.27295
1.74135
1.04348
4.14497
4.50045
4.73394
0.203497
2.71654
4.03742
2.27335
4.99501
0.491427
3.57529
2.05161
0.679341
0.239625
1.33338
2.90846
1.38908
0.299766
3.58383
4.29341
3.84643
4.66696
2.88292
2.48185
1.12123
2.1919
2.05844
4.05442
0.816379
1.73108
2.65564
2.66908
3.5713
1.52393
1.17999
0.532049
0.957309
3.05624
3.89211
4.66709
1.42898
4.49947
3.17098
0.926274
4.80754
2.67093
3.81255
3.48727
4.15384
0.308622
0.207401
1.99425
2.50289
4.96801
0.524351
3.40147
2.43617
2.40975
1.19032
4.56034
3.06079
2.51079
3.60779
2.90433
3.17277
2.5157
3.58077
1.78529
4.50572
1.35118
1.06794
2.15392
2.07808
1.21232
4.41603
2.30123
0.56767
4.13684
3.73819
4.438
1.72214
4.23126
2.56523
2.38794
1.14974
1.75894
3.50801
1.35279
1.60333
2.41011
4.66851
1.43901
3.10736
1.54814
4.20986
4.19222
4.05055
4.00948
0.825122
3.31181
1.3057
3.20806
2.87088
1.08946
4.21151
4.82602
4.40071
1.85155
4.94692
0.418793
1.24965
1.19985
0.808
3.77233
3.58984
1.96206
1.00195
1.86749
0.202596
2.23031
0.587027
2.243
3.0344
2.39955
3.55741
0.612378
4.00272
4.95699
1.15489
4.14074
2.1912
3.95968
3.08726
0.141296
1.33662
3.9261
2.04426
4.39209
2.39987
1.5541
3.2589
2.16951
1.6185
2.9016
1.77072
2.74845
0.950257
1.96844
4.69824
3.84744
4.64639
1.5822
1.94771
4.05088
0.849182
0.491878
2.5872
4.915
2.51488
0.0533667
2.89398
0.0223847
4.8985
0.156836
1.12656
1.87289
3.48638
3.28237
0.933385
2.59553
3.60258
0.632643
0.429294
1.5722
3.70919
0.448202
2.99421
1.93388
3.35869
1.52104
4.36584
3.84077
1.11748
0.13871
4.29328
4.02987
2.25415
1.56758
1.79985
1.56792
4.19555
0.0364932
2.57218
2.58953
1.0276
3.81275
0.984004
1.69919
0.219325
1.71654
1.68395
1.58537
1.45378
1.05339
3.45065
3.36789
4.97394
1.25613
3.78814
0.727434
3.26973
0.495132
4.834
4.0147
4.19439
3.43073
1.3557
3.29623
2.84254
2.72309
3.62188
3.22514
1.04248
4.14046
0.500598
3.29053
0.486784
4.73069
0.112026
2.77975
4.68937
4.74707
2.9002
2.81188
1.46365
0.318035
0.860202
0.191757
1.56174
2.85308
1.31022
2.56979
2.75811
4.5361
2.71193
2.86924
3.58916
3.20215
0.798619
1.83289
2.05452
3.11109
4.23131
3.86884
4.90906
4.10928
1.0827
2.86716
1.51853
1.1157
1.43672
2.86881
3.88827
0.706673
3.25188
0.490033
4.3745
4.40661
2.68308
0.0319954
3.53763
1.37135
1.48902
0.480104
0.401734
3.32691
3.29606
3.24259
0.319431
4.64396
2.3583
2.9605
2.58381
0.609914
2.32347
1.93527
3.56535
4.40464
4.89618
2.92529
4.2856
3.30129
0.407448
1.48799
3.6643
1.23063
2.15035
2.30865
3.29798
2.25896
4.42909
3.02453
2.28113
1.81383
0.0635546
1.28641
4.77778
0.511822
3.95105
2.6576
4.88115
0.311764
4.64411
1.63236
4.36363
1.19314
2.11086
2.60557
1.01675
2.41593
3.97906
4.04105
4.73711
0.252194
4.56161
2.01162
4.25083
4.27305
2.32877
4.4859
0.776731
2.16963
4.74697
1.48726
0.20898
0.625877
4.30137
0.331452
3.8644
1.34162
1.02865
3.85722
2.59021
3.21022
4.17356
2.3707
4.84685
4.8279
2.04457
3.96539
0.914146
3.42143
4.80067
1.87541
1.05839
1.16631
2.0442
2.18099
3.24041
4.30884
0.82584
1.75154
3.89529
2.81222
3.01118
4.67076
4.91211
0.0380957
4.0697
0.116469
4.89428
2.94444
4.71383
0.253182
1.62388
1.0347
2.30424
2.48164
0.896823
1.84382
4.27748
0.0836063
1.25981
1.31733
0.45631
3.51673
0.671519
0.767541
0.00706057
4.75821
3.17276
2.39538
0.125856
1.39418
1.73858
1.68124
0.0291416
4.82218
2.6931
4.69526
1.16492
4.36242
3.41192
2.99493
3.16145
1.95754
2.36264
3.68061
2.78374
2.15052
2.78078
0.042069
0.579066
1.39878
4.19156
1.42229
2.41373
4.88434
2.16861
1.45981
0.853417
2.14707
3.64391
4.11422
1.44923
0.323218
0.719157
2.91652
0.708745
2.48829
1.04197
1.07607
2.38235
0.382041
1.15141
4.27317
1.33346
0.808004
1.727
4.55479
3.24058
1.78975
0.301111
2.53078
4.77033
3.4597
2.80214
1.62135
0.445119
2.70819
2.99894
4.36144
3.16753
3.69716
4.49072
4.46242
3.40438
0.587805
0.220072
2.88265
1.48036
0.926406
3.25727
0.961607
4.6862
3.83031
0.0847538
0.643712
4.25644
2.20012
4.40478
3.15692
0.567677
0.198395
0.747761
3.3058
2.95894
1.06703
0.146083
1.01724
1.4124
1.52953
2.96006
2.70582
3.64074
3.46696
3.9295
2.17342
3.73698
3.19008
4.84125
0.501574
1.16159
2.18423
2.44488
1.99445
3.28999
2.24773
0.292714
4.44339
2.26282
4.86468
0.249322
1.30979
2.39074
2.82548
2.06627
2.88338
1.74608
1.3001
4.47245
3.88995
4.17512
4.18785
0.84829
0.76847
1.37381
4.2135
2.20413
2.54306
2.25226
0.204877
0.13079
1.31912
1.27144
2.79847
4.48611
2.34429
4.37043
2.91775
4.33517
0.40122
1.45365
0.192392
3.97288
0.139712
3.86387
1.00175
3.77621
2.84707
3.51116
2.69281
2.24019
3.81514
0.42241
0.073459
2.1143
0.41682
2.88081
1.37623
4.95964
3.84307
0.890832
1.69721
0.675761
0.561138
3.47789
0.731559
2.4028
4.75913
3.16211
2.50362
0.0409477
2.32965
4.41331
1.24075
0.284679
2.91489
3.04055
1.26781
3.39769
2.7152
0.872457
0.0705154
0.579354
2.87695
2.47707
2.4522
1.78929
2.12233
4.88825
3.18737
3.70741
2.05751
3.74146
0.338901
4.56511
3.74908
0.814434
2.2416
2.66933
4.34317
3.66109
1.11538
1.08055
3.53679
4.41414
2.74495
0.918155
3.34604
2.29169
3.67083
3.09224
3.22303
4.28704
4.8064
1.84719
2.05852
1.26325
4.39144
1.9629
1.43765
4.75795
1.17433
0.877165
4.04845
4.7208
3.90089
1.67204
0.337782
4.72642
2.98416
0.77335
3.67796
0.521355
0.0326273
1.15051
4.88414
3.35556
0.801189
2.4743
3.8173
3.84954
2.03272
0.337208
3.1241
3.66841
4.20566
2.86053
4.10056
3.86746
3.8727
4.22906
0.0342807
1.04622
4.22694
3.27772
1.6094
4.45954
2.60848
3.38236
1.28688
0.112515
3.44326
4.25124
1.43781
3.86866
0.322884
4.10785
1.27761
4.59491
2.02954
0.666165
1.4295
2.96792
2.55016
0.617927
3.02387
4.27359
2.34282
4.13859
0.550163
0.632398
1.69267
3.22741
0.967171
2.80008
4.80713
2.55735
4.40747
4.29729
3.53229
1.25701
3.92815
1.05118
3.83664
3.58957
3.12799
3.19194
4.7523
1.60761
3.04325
1.27631
0.234386
2.05778
4.8397
4.91652
0.2208
1.76632
4.17365
2.77994
0.0377642
1.5309
4.39178
4.82055
0.276472
0.144511
0.264195
1.45434
2.77573
3.25311
3.10599
0.655066
0.176119
3.62253
3.20306
2.58516
1.66651
4.31415
3.92995
0.362403
4.74268
3.07981
1.23813
1.09288
2.58496
0.299943
3.04915
3.83672
2.65148
3.63048
2.85419
2.05626
4.13398
4.25753
0.80788
4.78305
0.00292731
1.15492
3.92916
4.98379
1.05317
2.91717
1.16352
2.53313
3.72239
4.51694
3.83468
0.240939
3.19498
3.09461
0.789595
4.35621
0.642417
4.14895
3.73637
3.19789
3.74962
1.96376
4.34754
4.92259
3.30186
2.47283
0.816974
2.50791
2.47837
0.470267
0.832695
3.28102
2.87348
2.53772
0.973732
2.66056
0.991393
1.15787
3.16478
2.92485
4.68829
2.20619
3.55114
4.88894
1.54799
3.94876
3.12531
4.46916
0.928557
0.541748
4.96101
4.98739
1.00686
3.87402
0.281826
2.95327
2.90322
2.08244
0.30235
0.277062
1.22606
0.343551
1.39015
0.814484
4.5489
1.55975
2.72049
2.94782
0.720018
0.343527
2.03762
0.10258
0.874465
1.87725
2.14396
0.644979
2.46112
1.72319
0.267236
1.15388
4.16119
2.16963
3.89329
4.68291
2.68287
0.528713
1.83479
4.21449
1.487
1.26056
1.93638
4.77738
3.47348
3.02538
2.43366
3.50949
3.80943
0.866101
4.08053
1.26597
1.67216
0.805341
3.55833
3.79023
1.71579
2.07781
2.51979
3.04665
4.01905
0.801705
0.869041
0.522477
1.54205
3.02129
3.9935
3.18371
4.81055
0.541079
3.60181
1.2407
4.9139
3.40027
0.419042
3.01708
0.0283491
0.960885
4.71186
1.44556
2.66167
3.83304
0.557088
2.19809
4.68388
3.98464
0.212027
3.62013
3.45462
1.67575
4.33711
2.25583
2.0992
3.2209
0.386771
1.55539
4.79593
0.431652
0.403388
0.404483
4.74631
2.90106
4.68261
0.280533
0.787199
0.179421
0.0635903
0.0124932
3.10202
0.577391
4.92458
1.45312
3.3197
4.36847
1.50022
2.14416
2.87932
3.47028
1.97714
4.45163
2.10765
0.92126
2.17284
0.935616
3.34427
0.541648
4.69752
1.81168
3.64881
0.366024
3.5438
1.46003
3.44115
0.59149
1.87497
3.82936
4.22958
3.98747
0.614611
1.77918
2.9401
4.95556
3.5533
4.81303
1.78773
0.29521
4.94279
4.72957
4.57536
0.64522
3.56525
4.83061
3.76467
1.88585
3.22508
4.99736
3.76076
0.447324
4.86089
3.17836
4.7193
3.24063
1.84462
1.89206
3.09096
2.96529
4.79054
0.540331
0.852913
0.553805
1.8214
0.778243
1.2714
0.0893368
3.32453
0.476412
0.182729
2.35395
1.44035
4.27828
1.31402
2.66296
0.895272
2.39134
2.4399
0.0354778
0.0119698
3.61575
3.75952
2.69905
4.11732
2.80959
4.10926
2.59156
1.82896
4.73075
1.07277
4.45765
3.56314
2.96072
2.60081
1.01887
2.70363
4.15308
2.28016
4.52946
2.66647
3.41666
1.69584
1.54686
0.446249
4.62108
4.89492
1.9903
4.52538
4.39598
1.18855
1.66804
3.29993
4.4745
3.74012
3.99919
0.729492
1.18459
2.02267
1.71297
0.538872
1.16859
4.8133
2.97575
0.251759
3.08722
3.69907
4.8746
1.04012
0.629893
1.90594
0.218386
3.56034
3.03723
3.98637
1.89153
3.30008
0.167586
3.74691
0.634423
3.0555
1.03971
1.2487
0.818641
1.63485
4.7263
4.17109
1.51687
4.99245
1.28754
4.8822
3.46819
3.86449
0.0016003
0.433816
2.77338
3.98155
1.31984
2.20895
1.05923
4.86027
2.87086
0.110188
0.0340202
2.51774
1.0885
0.728439
2.96873
1.76321
0.88516
3.69388
3.41139
1.04527
3.1235
0.154911
4.46046
1.45854
0.0149115
3.65582
1.58299
3.97695
0.886593
2.52691
2.33989
2.55178
4.40895
3.36142
1.33355
2.18009
3.0768
4.3483
0.579528
4.32221
0.0730512
4.11115
1.45398
4.97953
0.22736
0.863837
2.43809
0.986837
0.879868
0.374228
3.16628
2.41732
2.74065
0.429407
1.24093
3.33433
4.6021
1.11548
3.3032
0.855193
1.80773
2.60285
2.16002
1.28924
0.129044
0.509365
2.59313
2.40719
1.14652
0.0433946
0.99266
0.188796
4.22233
3.71351
0.689598
2.12154
0.00940304
2.26718
4.84541
4.17863
1.0589
4.13225
2.03673
0.352708
1.49295
3.16931
3.48538
2.23423
0.331578
0.0675773
3.90692
2.94334
2.63669
2.7501
3.32331
2.52267
4.69542
0.940923
2.52206
1.02292
0.410391
0.829251
4.59665
4.45694
4.36932
1.38634
2.59545
3.82957
0.24536
0.721608
1.44759
1.00538
0.114783
3.91881
1.19312
3.55149
0.447302
2.10091
0.167396
3.30785
4.07538
3.32034
3.93376
4.27375
2.93487
4.4102
2.11599
0.678774
0.870921
3.20703
2.73163
1.41863
2.25758
2.16776
3.01552
2.50459
3.09936
4.25834
4.68564
0.0666418
2.95843
4.58922
0.123513
0.217519
2.77621
4.92943
0.241502
1.5864
0.649088
4.44405
1.31897
3.96908
2.34612
1.73641
3.90496
4.74656
2.97842
4.1463
1.19061
0.372715
1.72406
2.21547
2.66486
3.41734
2.47361
3.61003
1.58213
4.75144
2.61109
1.33309
2.96121
1.79467
3.23265
2.6524
1.54105
1.61601
1.44473
4.02096
1.57273
1.05082
0.781339
0.259729
1.73008
0.0530368
1.13085
2.95207
4.12273
0.797885
2.51199
3.48393
4.84995
0.532419
3.79421
0.62676
4.31279
4.10858
2.87602
3.89951
0.824246
3.67987
2.13094
0.668905
3.50458
0.567981
2.3516
0.324078
4.34179
1.23339
2.68356
0.547114
4.97074
0.505684
4.45482
2.59306
1.11411
1.54386
1.16532
1.34351
4.27668
1.51179
0.44206
4.34105
0.783135
1.77421
2.22041
2.02997
3.11845
2.51146
0.641145
3.49117
3.51874
4.23722
3.0976
4.62541
3.44628
3.60186
3.14408
4.89211
2.46739
3.60637
2.56959
4.24073
4.05708
1.6787
2.66664
3.50265
1.66849
1.52652
4.12135
0.547414
4.52187
4.09409
1.98929
0.563967
2.24472
0.00287739
3.28671
1.50481
0.144741
1.28154
1.6937
1.43637
4.80511
4.3351
4.69361
2.86765
2.03494
1.06016
3.69005
1.352
2.43973
0.714784
2.15289
2.92349
1.27261
1.45187
0.45885
3.63716
4.36213
1.51024
3.00992
4.05547
1.71476
1.20779
2.07646
3.05609
0.769258
0.439571
4.35582
0.765341
1.79235
2.13491
0.836568
1.89085
0.603718
1.73729
2.48744
3.73487
1.81522
4.65691
0.381957
3.10594
4.9258
3.50778
2.9661
3.18467
3.40135
2.55019
2.45792
0.222444
2.97573
2.77285
4.70828
1.0573
4.15736
0.0822338
4.39723
3.95039
2.03506
4.52502
0.0884773
4.16011
4.59718
2.20118
3.76378
3.01756
1.75914
3.13739
4.18391
1.01068
3.6202
1.15778
0.0981372
4.61618
3.01475
2.12587
2.63271
1.01352
0.756401
0.44057
3.69723
0.895698
4.60977
2.89644
4.15805
3.84878
4.76048
2.7124
2.52836
2.64234
4.93918
2.08416
1.08528
0.808269
0.95477
2.96646
4.78995
0.637639
4.53428
4.37161
0.379915
0.0690827
0.786154
3.0525
4.66143
2.63398
3.03173
4.36837
3.22871
1.79804
1.73816
0.322934
3.5381
3.30143
3.08932
3.23741
0.284412
3.79698
4.66643
0.416227
2.23013
2.90174
2.65872
3.97297
2.65937
4.83241
3.98622
2.9232
2.58614
2.71117
3.72807
2.71885
3.63771
0.537084
4.15677
3.88516
4.58988
1.30846
4.25159
1.76812
3.54524
4.73384
0.460345
2.83411
0.510242
3.41779
2.38127
0.91106
1.02694
1.51651
3.67234
1.49993
0.61328
3.49149
3.56487
4.5451
1.64495
0.979604
0.232122
4.97666
4.10782
2.91282
0.360438
3.37344
4.10086
3.8769
1.42257
0.987033
0.812886
1.09444
3.50894
0.598406
0.568495
4.45933
3.88139
4.79606
4.50921
0.270069
4.94143
0.502564
1.81952
3.51335
1.83932
2.28258
2.57982
3.44076
1.51234
2.25951
1.38752
2.7203
1.82238
4.35682
2.99232
1.08799
4.35382
4.90277
0.338251
4.29187
4.0754
1.60868
4.52102
2.34732
0.665305
4.81014
3.79781
1.17554
3.40479
3.52873
2.66696
1.26572
1.63384
0.613247
2.40656
1.9902
2.70857
3.40263
1.90031
4.39304
1.38853
3.46548
2.80238
1.41853
2.48176
2.60071
3.99327
4.73442
1.06518
4.23849
2.7425
1.33449
4.10934
4.73835
3.53251
0.228825
2.69583
4.88293
3.0005
2.41541
3.72047
3.96823
0.911424
3.35759
0.322915
2.25869
1.09189
4.71102
1.57289
0.789192
1.01389
2.95996
1.51231
4.0551
4.71569
2.61384
4.77104
1.14966
3.1456
0.261378
1.56786
2.01247
3.93401
2.34035
1.7255
3.41883
4.08968
0.75906
0.157622
0.80548
4.22072
2.60848
4.76811
4.30098
1.24551
2.91783
2.05509
3.8766
3.20758
4.56381
4.00088
1.14178
3.81589
2.33194
0.204766
0.150636
2.88268
2.90599
0.884215
0.757895
0.292667
4.69194
0.90634
2.92726
3.2247
4.5193
2.65578
2.25322
3.06663
3.8975
3.65768
1.01918
0.901226
0.537111
2.23254
4.50587
2.18447
1.27343
3.66908
2.62042
0.616048
3.40912
3.61958
3.1049
2.14893
4.85805
3.99958
2.30629
4.95422
4.87604
3.28882
2.40759
1.13547
2.04998
0.0376663
3.58632
1.08451
4.50613
3.61382
3.69195
4.23826
2.70202
2.27268
3.24738
3.18218
0.422255
3.63576
1.99715
3.86607
3.64025
4.92944
3.48923
2.44118
3.02147
0.950072
2.73804
4.75001
3.26003
2.08036
2.30481
0.554644
0.321123
1.03272
1.66688
0.0739107
4.99831
4.25854
0.859107
2.12779
1.01125
3.17972
4.84395
0.22059
1.12983
2.17505
3.7264
3.38825
2.80379
0.0367824
4.95497
2.09932
4.72091
1.71804
2.92391
0.70252
2.21612
4.98748
0.927797
4.99829
1.07318
2.10973
1.40687
1.7319
1.23581
1.03596
0.214273
2.3827
1.60855
1.49968
0.289896
4.75165
1.71557
2.49439
4.89657
2.63245
0.484215
2.68887
3.69126
2.72485
3.18594
3.66334
0.852747
0.29836
2.13464
4.27066
2.24397
0.134839
1.47184
0.478479
4.09499
2.73493
1.08954
1.62295
1.05711
4.08104
4.71012
1.77691
1.19907
1.95197
0.24497
2.71227
1.73651
2.48596
3.15528
0.0286044
4.16193
4.20717
2.65214
0.00371832
1.231
2.36899
4.48044
4.51519
0.0193297
2.63118
3.24346
0.571088
0.170197
1.92102
4.80534
1.04778
1.04081
3.61748
3.43661
3.89616
3.64217
2.07226
0.173497
0.0671078
3.18553
0.854728
2.5905
0.00398422
3.31839
4.81328
4.41545
1.72874
2.4618
2.30686
0.0820896
2.45403
0.569659
2.85095
1.88284
4.28692
4.32896
4.84646
2.71044
1.98818
0.853501
1.22894
3.03262
2.08318
4.45422
4.94129
3.00504
1.18345
4.27526
1.80399
3.00246
2.84677
1.17284
2.13361
2.0101
1.4571
3.22026
2.55466
1.151
4.31275
4.44598
4.72413
4.49261
2.78301
2.57338
2.20133
1.01738
4.4258
4.01903
2.3889
0.883958
1.50318
3.4262
3.93525
2.07945
1.0814
4.18586
3.01181
2.56562
0.275543
1.71895
3.49334
2.46453
2.09365
4.93678
0.916328
1.17831
2.51389
1.05111
4.84728
1.67456
3.20408
1.65166
1.66603
0.593466
2.64905
2.55909
1.5065
2.05456
4.29975
1.66581
4.84621
0.828485
2.55053
4.47504
0.494065
3.68556
0.265358
2.26063
1.73227
3.07483
0.988316
2.8795
0.661697
2.06809
1.32156
2.71326
4.94211
3.48798
1.78497
2.60335
4.55796
0.103936
4.60989
0.136582
4.87477
2.12353
2.40626
1.50721
4.46588
2.35863
1.85672
4.97075
0.356958
1.88399
1.37154
4.26845
2.7892
1.28376
3.47697
3.17564
1.3141
2.55856
4.14414
1.5933
4.4562
1.14628
3.40539
1.30444
1.3079
0.877557
4.77355
1.27054
0.406129
4.29133
1.07521
2.01626
2.46585
2.3965
3.16949
1.62458
2.16516
0.064208
2.82588
2.75889
4.83201
3.18002
1.53766
0.929627
3.32371
3.32338
4.18314
2.27409
3.45659
2.71112
1.27697
4.44696
3.44498
0.0623563
2.90263
2.32185
3.17917
1.89304
0.707635
2.11007
1.06346
3.52235
3.81896
2.2397
4.90675
4.38356
0.936178
4.10475
1.57094
2.65924
0.79101
4.98764
2.88898
3.53913
2.22064
4.97422
2.35781
4.65893
0.381714
0.818147
4.1861
4.51188
0.857463
1.58036
0.817461
2.64011
3.15442
1.06715
2.0977
0.362451
1.09858
0.0389681
3.8378
1.67157
1.21181
4.86373
2.00871
2.30879
1.76029
2.28772
1.77037
0.754234
4.92121
4.57081
2.83313
2.24011
1.64295
2.01358
0.93013
0.250759
0.0654004
3.6915
3.50178
3.69618
4.46252
3.65622
0.830176
4.55453
1.08985
0.410468
2.07903
3.10542
0.453225
3.52435
2.38443
4.04551
0.014605
2.96399
4.77505
0.392137
1.53938
0.868599
3.28559
0.54859
0.384554
1.30341
1.50301
2.90481
3.75668
4.47839
2.5059
4.8058
3.28684
2.28035
0.0522047
4.83146
4.44959
4.75909
0.319497
3.56876
0.281057
0.399821
1.62619
4.00737
3.73631
1.78196
0.378435
0.173634
4.50339
4.00243
2.26404
4.93774
2.56481
0.706365
4.68922
1.01865
0.306672
3.08973
2.71043
1.12403
3.15125
3.35904
3.51884
1.63318
2.26125
3.76384
1.06768
3.98102
1.14498
4.4317
2.1312
2.29557
1.63554
1.74297
4.65931
1.88853
2.52416
4.69465
0.515842
0.96743
3.71103
3.01672
4.79645
2.28558
2.30631
2.22575
1.18284
0.782478
4.83603
2.09786
2.79431
1.95454
1.0338
4.8027
2.08904
1.50664
4.21567
2.56044
1.41169
1.84696
3.58474
2.67916
3.82421
2.19981
0.157055
4.98216
0.960747
0.546066
0.834644
4.90868
0.128366
1.86008
3.79959
2.83724
0.250216
0.0656458
0.499768
2.70266
1.16109
4.36979
2.22729
4.86964
3.56293
0.339617
4.79498
2.00427
4.03963
0.345777
1.73869
2.05345
3.82498
4.53323
3.0065
3.8588
4.98457
1.84817
2.48008
0.648205
4.11981
1.49411
2.20186
4.54636
4.9734
4.75171
0.553862
2.42199
3.01362
2.46498
1.69114
4.93736
2.59078
2.24819
4.31874
3.03747
0.521838
3.11073
2.09329
0.182578
4.47161
0.755538
1.59049
3.73258
2.30643
4.50676
2.09338
2.22524
3.85108
3.92571
0.569053
3.88198
4.39365
0.702653
0.702849
0.915848
3.66616
2.46444
4.62313
1.74265
0.357675
0.589962
4.7556
0.0868564
4.3556
0.305661
4.82311
1.33611
4.61386
1.39785
3.58471
3.13332
1.16206
0.371861
0.483603
4.4955
3.95052
2.56717
0.413665
0.594147
3.59808
3.71751
1.75876
2.60612
4.83601
1.21424
3.12327
2.70729
0.409871
2.36748
1.51573
1.99166
4.41217
4.43636
3.86988
3.97042
2.71935
4.49717
3.83996
0.616502
2.79189
3.62928
4.46632
0.14419
3.01014
0.0182911
0.451705
1.8299
3.20508
0.783667
3.8875
4.74454
4.6376
2.00082
4.81949
4.97858
3.11094
2.61257
1.53404
4.75499
1.5274
1.08643
4.89315
3.17628
2.71867
1.27355
0.633803
2.05111
3.05778
1.74265
3.23598
3.8358
4.3731
3.62354
3.9499
1.17604
1.78357
3.29643
2.00897
3.03747
0.265589
1.56983
3.75802
0.821911
1.13682
0.839904
1.03872
2.59071
2.47815
4.74119
1.95843
1.99439
4.67309
0.766439
0.0895974
3.30992
4.66025
0.99378
0.0751729
4.23545
0.0878828
1.0127
4.77042
3.90978
4.69545
0.136397
3.366
1.48682
4.04896
3.43763
0.289421
0.677011
1.96849
0.278482
3.7617
1.79044
1.32268
4.74095
4.9359
1.78868
2.02615
2.24639
2.20292
0.294303
0.0670109
0.382037
0.808226
1.39174
1.20556
0.00565103
3.89383
0.379108
4.33433
2.16821
0.22795
2.28335
4.661
0.48985
3.11756
1.21995
1.05167
2.22325
3.34549
0.824149
2.22751
0.981203
1.44138
2.14989
1.66096
3.50069
0.146537
3.53342
2.06286
0.295543
4.61065
4.00883
2.33264
2.55548
4.3041
4.63519
4.53489
2.78497
4.47712
2.44995
4.96712
0.991642
1.04342
1.69
4.66354
0.930804
4.05155
0.578557
4.0804
3.28655
0.649305
2.72238
1.58297
0.596625
2.20784
4.35676
3.75037
2.50265
0.997305
2.54308
1.06467
3.75705
4.68207
3.48917
2.00476
4.501
0.954516
3.27151
3.01285
0.392416
1.10207
3.95926
2.32665
1.18398
2.03971
2.80658
1.93531
3.56365
0.460552
0.632227
2.98647
0.710473
2.90844
3.68261
2.96598
3.49414
1.86323
3.82203
2.30532
4.16406
4.70989
0.350755
2.6766
3.39838
3.38539
2.91793
2.74786
1.88437
2.54227
1.97914
4.88902
4.76939
1.3586
1.23557
4.92768
0.467111
0.130601
2.86633
0.74009
4.52314
0.819099
1.74383
4.94277
2.07981
4.17042
4.22715
2.27598
1.30103
1.67708
4.46811
1.27502
1.60965
0.434127
0.727435
4.26024
2.62136
4.07023
0.0421399
0.962255
3.25701
3.57856
0.813438
3.77804
1.78369
1.53106
0.42608
1.87556
3.27954
4.5435
0.873705
1.93502
3.65746
4.06673
0.415529
1.36984
0.135644
3.60045
0.449698
3.83329
3.83848
0.0262593
1.90402
4.13249
3.67202
3.02312
1.24332
1.65747
3.48454
3.92626
1.12447
4.59805
1.75032
1.10489
4.68576
4.20344
4.71166
3.0638
3.50903
2.9246
3.04647
4.73913
3.10722
0.42562
0.876084
1.50011
1.78127
4.31931
0.769432
4.90865
0.15591
3.42949
3.83804
4.40986
0.0184799
0.778271
2.83658
1.5745
0.0760515
1.77339
2.97153
3.88573
1.35205
2.46346
2.52168
1.59387
0.156983
1.82484
4.02789
4.14181
4.96671
4.49139
2.25618
4.61762
4.8265
3.57104
0.622456
4.61564
2.56947
1.25262
4.23866
0.106769
1.86655
0.396132
2.35724
4.82771
3.73257
3.47187
3.63375
1.00883
2.93234
3.719
4.73286
1.59175
3.19011
1.13653
2.85434
3.64646
2.42523
3.46671
4.89433
0.392337
1.41533
4.80001
1.91485
0.462049
1.3137
1.21754
2.86772
2.73825
1.72099
1.53617
1.54063
0.0904949
3.60376
2.66435
2.74834
3.83931
4.05494
4.02923
2.34982
0.473131
1.82418
0.0283553
2.6527
4.61802
3.59338
1.51489
3.95097
4.67524
1.78075
1.76031
1.08791
4.40419
3.07361
4.33016
4.02253
2.70546
2.29345
2.82819
0.356384
4.23774
1.65804
4.48861
1.45679
0.499198
2.18238
0.264187
0.0818425
4.02645
4.61675
1.1111
3.83943
0.778659
4.03296
4.17747
3.09847
4.43804
0.749149
0.28612
4.24711
0.183978
3.62996
1.93915
0.0302912
1.16887
4.36934
0.705782
4.60036
3.98752
0.157282
4.97569
2.48893
4.50473
0.654077
1.58493
1.60165
0.32466
3.25899
0.821669
1.00664
4.48159
2.99401
0.669642
0.931374
1.66102
0.33512
0.169155
4.16368
0.00207215
1.75398
3.57389
3.65287
4.71849
0.0924581
4.6526
3.93475
2.54752
4.97478
3.88857
4.15341
4.71523
1.25783
3.41354
2.65579
4.95563
2.40935
3.53648
3.53826
0.244636
3.66064
1.43154
2.98459
4.59885
1.78452
2.78979
4.22862
4.48968
2.27531
0.63835
4.77614
4.24195
4.6734
3.20354
2.32586
3.22432
3.44563
2.18544
2.99436
4.09099
3.23877
1.58125
4.53146
0.369931
0.801648
4.1446
1.66684
4.65514
0.712952
0.0984359
4.57264
3.2425
4.69531
4.42101
2.05375
1.82379
2.83131
4.78944
0.243135
0.895924
4.8242
1.21698
0.5116
4.68804
2.21189
2.81942
3.6231
4.90379
0.472592
4.34687
2.0783
1.72148
3.35166
3.15363
1.69484
2.76867
4.88742
3.49594
4.55566
0.0360823
0.241052
2.16137
2.22774
0.282063
3.95815
0.878124
1.84052
0.989051
3.31936
4.57055
0.86429
2.45309
2.32926
3.12969
0.936936
3.86611
1.12115
2.96444
4.49572
1.77403
2.97934
3.3714
0.193513
1.71697
2.51332
4.74783
0.568806
0.0910955
0.673816
3.10995
0.183577
1.97817
4.47891
3.44532
0.050294
1.94361
0.580805
0.653296
1.21364
1.80196
0.634096
1.99333
1.65166
1.67746
2.26784
4.57603
4.51224
1.08082
4.54661
2.49684
0.461398
4.04692
2.18095
2.35597
3.45494
0.177366
1.73136
4.97838
4.48147
0.373119
0.565234
0.539517
3.11278
4.60234
0.170227
2.51159
4.92054
1.3987
1.22671
0.887558
0.867629
3.27543
1.34006
2.74772
0.41269
2.92322
0.757857
4.8404
2.73243
0.470196
0.833412
4.86537
1.96845
0.547641
1.35777
1.18041
4.15115
3.68861
4.4169
4.69671
1.17514
3.59346
4.15858
2.93854
0.464763
0.0945434
3.97065
0.624023
2.78905
3.35864
1.72011
2.66507
0.758742
1.26786
4.42617
3.4458
3.23418
0.373678
0.41528
4.50594
3.96472
1.70665
4.21657
0.580927
0.910438
0.474473
3.35778
2.57619
0.0211401
2.9595
0.410308
3.80398
4.55989
4.44907
0.290078
4.76263
2.11702
3.84608
0.409711
3.81747
2.76689
2.79771
1.48689
1.91807
2.2578
1.99722
4.62326
0.266318
2.71653
0.81215
0.0910324
4.92747
1.36587
0.01027
0.774349
2.1161
1.94688
3.76109
0.431038
4.45889
4.47223
1.71753
3.19233
0.879986
2.39361
1.29127
2.46611
1.50488
1.80196
3.89206
3.73385
2.33435
2.36578
0.154436
2.38429
0.947621
1.10399
2.38504
0.922544
3.52972
0.388993
0.966866
1.796
4.67451
1.46863
3.38159
2.6508
2.03715
2.79271
2.09174
4.25153
1.58097
1.44641
0.203724
2.85469
1.13931
3.58466
3.45645
1.19842
0.792266
1.91818
3.73729
2.47918
2.15237
3.68338
0.846995
3.32159
0.104605
3.58631
3.62666
3.45038
1.10871
2.89935
4.39362
3.74792
1.29086
3.1325
4.2226
0.334736
0.292883
2.75386
1.11591
4.67279
2.6279
4.24911
2.42315
3.11
4.1088
3.18149
4.16008
0.434814
3.32793
3.3669
1.42485
0.0519106
4.07933
4.20911
4.56065
3.08647
3.32252
1.9334
4.17941
4.10426
0.69226
0.629491
3.03178
3.35728
1.78672
1.85458
1.11486
2.49735
2.60753
4.4987
0.164558
4.03755
2.08966
1.99285
0.504976
2.79879
1.99625
1.96119
1.13169
4.1622
2.76586
3.25594
3.48889
2.36587
4.9134
3.54554
1.22206
3.00787
0.014273
1.11562
1.26566
0.570708
1.27493
1.12494
1.3468
2.70703
4.41189
1.88237
1.10908
2.45239
1.23302
4.74041
2.33082
0.419508
1.5712
2.37679
4.3357
3.51757
0.768048
3.91781
1.85122
0.995127
2.78656
3.13396
4.35449
1.79083
1.59739
1.97119
2.41698
2.86716
2.51564
4.56306
3.43922
0.0984585
0.216348
4.97721
2.5368
2.88673
0.768656
4.88488
4.60881
4.15774
2.99203
2.0062
1.80677
3.32609
4.11737
4.86453
3.38406
4.45668
2.51924
0.673432
1.51147
0.0762196
1.57197
1.13421
0.670226
1.63475
4.61669
0.474798
2.98447
0.251379
2.7632
4.1204
3.8456
0.90047
3.85493
3.10584
4.87949
2.29871
0.111561
1.01922
4.21669
0.000346043
3.0185
2.96985
1.00025
1.57179
1.07916
0.930851
1.44288
2.07153
1.36201
4.85069
3.59962
0.386164
2.09249
0.150869
3.48129
0.198182
4.20486
1.20353
0.667394
2.61894
2.44927
1.59803
1.5012
4.95334
2.20629
4.92621
1.46248
3.69678
3.22017
1.1658
2.7776
4.73471
0.418672
2.8969
2.47946
3.82262
1.95261
2.01318
3.03847
2.39412
4.22511
3.54728
1.40555
2.79788
0.531931
2.58244
0.811555
2.54143
3.84706
1.10964
4.0406
0.41656
0.270613
4.81564
4.93158
2.40991
0.364618
2.31035
2.34155
4.63107
1.88499
2.22806
4.26619
0.399829
4.99477
0.164509
2.81837
3.78477
1.0306
3.6362
1.20304
4.48036
4.46513
4.14915
1.87428
1.12032
0.505646
4.70308
0.345468
3.44761
3.39607
4.047
0.941728
0.702752
4.22614
1.12278
3.74279
2.95549
1.44751
3.72735
0.522212
1.03344
4.67894
4.71901
0.937311
1.9904
3.6427
3.67742
2.21232
3.48534
2.58246
1.10126
4.01334
1.6724
4.79497
2.07534
4.50435
4.83665
3.00541
1.46414
0.767859
2.32975
0.865759
1.1477
2.67443
0.0936817
2.93354
1.39437
3.69508
3.98511
2.6415
4.21516
3.96415
3.96981
2.53345
2.54976
2.4393
2.58295
2.8553
1.17478
4.097
4.07131
4.78331
3.87908
3.86373
2.03561
3.2253
1.51919
3.36289
1.91528
4.00801
0.512877
4.13689
1.03197
0.831956
0.332456
4.46776
2.96353
1.76668
4.78876
1.57428
4.41827
1.01901
0.262252
3.37343
1.5157
0.430762
4.32099
4.45234
3.36667
0.509345
1.63194
0.637695
0.46554
3.01938
1.53367
2.09709
1.09928
0.295604
0.406407
4.48968
3.65569
2.40573
0.693854
2.33652
3.19945
4.84649
2.41232
3.34383
2.39114
4.3356
2.76843
3.68645
1.02258
1.57758
3.6048
2.29924
3.32101
0.0102429
3.64818
4.57543
4.38798
3.01313
1.1409
0.984083
2.27898
1.84267
0.189805
1.30869
4.35593
1.21808
1.94331
0.0311863
3.67457
3.83845
0.651812
3.81696
3.08603
3.82983
3.63084
2.02928
0.128446
4.40983
2.64026
0.564516
1.58032
0.264802
1.27018
3.92394
4.4773
3.53379
1.36584
4.9052
1.40308
4.89703
3.89669
4.75419
4.23271
2.50338
2.76931
1.07112
2.40375
4.36847
3.79336
0.323073
3.44689
4.60906
2.75206
2.32931
1.04886
4.58542
0.402243
1.04427
4.02017
2.30454
2.87182
2.60685
2.26599
3.60312
3.72327
4.37047
3.20685
0.261774
1.73576
4.75579
3.74988
0.0581111
0.62621
0.831736
0.11684
2.5904
2.3087
2.25012
4.79419
3.73604
2.68378
3.71725
3.91775
0.202709
4.99004
1.32678
0.310774
3.07582
1.10112
1.67551
0.317136
1.69565
0.451844
3.56624
2.95234
2.50602
3.58188
3.7192
4.64087
1.86686
2.68895
1.81235
4.72823
1.22623
4.95049
1.66144
0.00909926
4.40453
1.40405
2.32459
4.42074
3.70634
0.626191
4.21101
4.2209
1.89797
0.0409878
2.27671
0.948206
4.46208
1.51052
0.253079
4.00923
0.778167
2.21656
2.02941
2.02364
0.0157002
4.17203
0.890781
3.71884
1.99231
0.579183
4.00205
0.247378
0.109229
4.97599
3.30145
3.44248
3.16231
1.39501
2.64369
1.11504
2.53522
2.09021
0.0998674
3.67994
2.21366
4.72899
3.86393
3.35136
0.0826062
0.111939
1.45791
2.3509
2.35522
3.99655
2.92772
1.06547
2.48026
4.74658
1.70027
2.16905
1.51749
2.78903
3.72528
0.711433
0.238076
2.16699
3.2083
2.25292
2.5226
0.621256
2.80438
1.08972
2.0372
1.8179
1.00194
3.22603
4.84012
4.20873
4.74637
4.08086
3.16979
4.01546
3.46077
4.82967
3.25083
3.3509
1.29909
4.89228
4.89937
1.16246
3.77755
2.40234
1.53595
0.281978
3.19028
3.08652
3.53307
1.66751
2.56458
1.25278
1.56836
4.39881
3.84495
0.409462
4.31363
1.31325
3.17252
2.40122
0.254491
1.9223
3.53383
2.87613
1.93805
3.64956
2.99595
1.31796
0.0304928
4.96487
3.3237
2.36159
3.04372
2.95737
4.77041
4.13591
0.765396
4.09444
4.98661
4.41845
3.78911
3.5906
1.76269
3.85865
4.79114
2.24469
3.2287
0.460102
1.7337
1.61262
4.84156
2.16407
1.64155
2.89616
1.38404
0.562533
2.14382
0.532028
4.77332
1.33754
2.18131
3.88766
2.66708
0.853921
4.78582
4.78751
1.19085
1.98179
2.98045
1.89406
0.821404
0.231547
4.95931
4.3746
3.7384
2.65185
0.146154
1.06905
1.7286
1.02994
0.877904
0.799001
2.03543
0.320957
4.99768
1.02164
3.06207
2.56523
3.77801
2.11801
0.700203
2.82105
2.4568
4.7172
1.25396
2.10736
3.78128
4.959
1.62904
4.00293
4.33906
0.920523
1.90958
1.8248
3.18571
0.12567
1.3454
0.278526
3.70015
3.04194
3.06767
1.27974
2.43749
0.0823204
3.66928
2.1942
0.690477
1.09166
4.992
4.69599
1.25726
4.71696
2.47909
2.62923
0.610883
2.30181
3.87118
2.4401
3.09054
0.202926
3.21473
1.03919
2.36347
4.09067
2.43818
2.80241
4.72328
2.49922
0.703069
0.0749481
2.75442
1.83626
2.89658
2.11586
2.92494
0.140812
2.70566
3.95065
4.58186
2.38138
4.62827
3.63862
2.18134
0.930642
3.18911
2.06112
4.76291
1.71054
3.98283
4.71819
0.375069
2.15948
4.76582
2.9749
4.40726
3.54892
3.56576
0.417516
4.2207
3.94115
4.05725
1.18171
2.82931
0.211012
4.51498
1.36066
2.88558
2.7569
4.51038
4.1582
3.88017
0.282342
4.94805
2.32688
2.24643
1.81041
3.78378
0.722886
0.158451
0.304316
2.2395
1.47953
2.06786
4.00634
1.92874
3.66679
2.89196
0.905299
0.339584
3.77547
1.76085
3.90837
0.458419
1.62652
3.44002
4.19342
4.30839
2.73354
4.4818
2.31619
3.43891
3.4624
0.869539
4.85215
0.41308
2.91059
0.417455
3.86844
1.20041
1.11568
1.60478
3.58336
3.67988
4.35784
3.06072
0.719139
0.602829
3.06252
3.56039
4.31949
3.39037
1.48392
3.23243
3.75887
3.30682
0.935126
4.95462
2.3543
1.61858
0.5972
4.48504
1.24541
3.21774
4.2788
4.54186
2.81661
3.16947
0.340844
4.90795
1.43367
1.15966
0.151389
1.23499
1.52676
1.60316
2.50624
2.53965
0.582496
4.17807
3.20183
1.85245
2.54304
0.545649
3.91154
1.52553
1.38002
0.425982
4.29519
0.743487
3.05418
0.523894
2.01932
2.00621
1.46984
0.645786
1.75139
0.132238
1.037
1.97594
0.131719
1.65288
2.6311
3.22044
4.87617
3.43773
4.59958
1.08778
4.50452
0.825065
2.25182
2.47044
3.13111
0.801906
3.65328
3.09755
0.517544
1.16146
0.945244
1.68478
1.6551
0.200367
3.14573
4.48576
1.50625
2.03371
4.80229
2.3003
2.37226
1.75853
4.7861
0.618601
1.7962
2.29724
0.0725045
2.78602
1.75656
4.67825
2.7907
3.26776
4.66824
2.61944
1.34105
3.24682
3.50379
2.30116
1.61423
1.42352
3.17794
3.55135
2.79357
0.488792
4.29429
4.64182
0.0232693
2.72123
2.11727
0.237501
1.48658
0.680718
3.38215
2.42379
1.80265
0.47856
3.07478
2.48256
2.78954
4.71869
0.942319
4.25133
2.89333
0.166631
1.28947
3.55369
1.52384
1.43296
1.26442
0.343158
0.0731541
1.17297
4.28205
3.5625
1.65269
2.96067
0.536796
1.72194
1.16053
4.69507
2.39536
2.55853
4.2157
3.60693
3.60071
4.43451
4.44981
3.07722
0.750223
1.87952
1.9229
1.57559
3.11564
1.49921
1.8855
1.36718
3.79555
1.43228
0.6395
4.16409
4.44579
3.87871
0.875871
2.29765
0.852642
3.49526
4.45493
0.718722
4.09741
1.79826
1.72634
1.15968
2.25793
1.94471
3.39889
1.21033
1.56231
3.64803
0.921921
2.14182
3.29357
1.39556
4.39256
1.07648
0.971494
1.68909
2.48117
2.11092
2.85816
1.29492
1.66799
2.63725
3.93233
2.10251
0.169547
3.03173
1.64562
0.792261
1.55024
3.15371
2.47868
0.539942
4.36521
2.93099
0.711869
2.68212
1.76329
2.82635
0.0735866
2.08812
4.01907
0.198048
2.6708
0.00594358
3.77438
3.17941
1.20023
2.41718
0.775898
2.52391
4.02373
0.554616
4.67271
2.77458
3.17394
0.168017
4.0448
3.23409
3.25015
3.60693
2.27475
0.911958
3.70648
0.446622
4.59931
0.976782
4.3903
4.63449
0.623861
1.66479
2.48821
1.77229
4.02736
4.78889
0.874009
2.85269
3.21458
3.88409
4.10024
3.98312
4.28894
3.17538
1.72539
2.95903
3.02228
0.844846
4.92678
0.444088
0.357613
3.25677
4.13717
2.46478
0.634728
2.3698
0.474938
1.58515
2.89829
0.00804711
4.87483
2.76247
0.00502598
1.4042
2.62252
0.191609
3.65007
3.52219
4.25466
3.04756
1.59484
4.25884
3.64545
1.17512
3.6037
0.672233
4.74386
2.79164
3.27699
4.26475
2.30492
2.89804
0.028209
4.0491
1.83058
2.1047
4.27544
3.35436
2.36708
0.939283
2.71588
0.841798
2.97002
1.88379
2.72756
0.853873
2.54948
1.6036
2.35602
4.98126
0.647371
2.64995
3.43681
0.738096
2.57433
0.967245
0.497966
2.10212
1.13541
4.38277
4.78307
2.73648
1.46986
4.41559
3.4434
1.43822
1.12527
2.97849
1.55753
2.692
0.716677
4.51731
1.87078
2.54452
2.71405
2.00933
4.20921
2.5646
0.868081
1.79046
0.533414
4.91589
4.53688
0.970583
1.56723
3.22307
4.58022
0.797347
1.49237
2.36456
1.71728
4.57622
4.12456
3.138
0.662759
0.700831
2.5125
0.680933
3.46099
3.97823
4.22004
0.752476
4.66004
1.29423
0.323041
3.73521
0.367789
4.08603
2.30444
3.88553
1.02436
1.33213
4.38325
0.311319
2.49971
2.75749
3.22816
4.17624
1.80404
1.54655
1.4804
2.00383
3.85141
1.3922
1.72574
0.772517
3.3941
2.75989
2.45245
1.58563
0.712737
1.81279
3.67916
3.91195
2.50376
3.30706
0.222777
2.48087
2.31935
1.58097
4.01403
0.877606
4.54619
1.15888
2.13337
3.04975
2.36599
0.654223
0.752738
3.6736
0.681003
3.30737
3.22154
4.65385
2.55261
4.0908
1.08222
2.3333
1.21707
2.3915
4.80423
0.626035
3.98511
1.39495
2.65713
2.30627
1.01178
3.62033
2.66587
3.48103
1.61822
0.885973
0.638309
1.73164
4.28865
2.23679
2.7557
1.85336
2.46207
0.73378
2.29524
2.72361
4.37521
2.09804
1.05867
0.34653
3.43357
1.99157
1.33581
3.99215
4.33149
2.07599
4.86583
1.53355
0.7933
2.12808
3.12709
4.90304
2.87456
4.55722
0.472201
4.94689
4.35451
0.627223
1.91479
4.36825
3.19287
1.99405
0.874849
4.76293
0.429795
2.60226
0.300502
2.805
3.06295
1.34433
0.172461
3.78916
2.63553
3.80802
0.792306
1.04374
4.92221
4.85074
2.76378
3.10318
3.67082
1.73378
0.910525
2.91855
1.16016
2.71309
2.11519
3.60133
4.50906
2.79803
1.42022
3.21802
3.40175
2.80865
3.52761
2.65451
3.1454
4.57662
4.50213
3.18155
1.33067
3.60871
2.53419
0.581886
4.1255
2.27249
2.24165
0.737514
2.73045
4.34575
2.9329
1.32589
1.67792
0.801896
1.12749
3.208
4.86835
4.48861
3.00954
1.43935
0.387168
0.699096
1.0106
2.89637
1.47575
2.11892
0.67245
2.58201
0.403944
2.00874
1.06078
2.38747
4.70386
3.6014
0.570087
1.92738
2.31771
1.50441
2.18191
1.07614
2.91914
3.02494
4.05488
0.959373
3.25335
2.90032
4.53814
2.6746
0.0435232
4.55642
1.63994
0.0987399
2.29829
4.29886
0.403004
1.88627
1.13226
3.04763
2.68006
4.38592
0.496179
0.915241
2.6843
0.907098
4.87192
1.07069
2.49869
2.75516
3.54372
3.30134
1.99164
0.996743
4.13547
3.8894
1.09266
0.772311
3.57195
2.33829
3.90269
4.98607
2.86219
4.6192
1.01692
2.70581
3.25422
1.31555
0.942336
0.206268
0.599902
3.64227
1.27606
4.46932
4.09212
0.927205
0.747571
1.28536
0.617148
2.05507
0.660266
1.08567
4.12472
3.40284
2.2305
0.0884699
0.121646
4.23256
4.24602
1.1792
3.15958
0.409836
1.9055
3.79273
2.34285
4.44027
1.30458
3.1732
3.75852
3.31542
2.33206
0.899677
2.29302
1.08689
3.33762
2.55005
3.52251
3.88053
0.144123
0.266161
2.81754
2.36581
1.5426
2.15622
3.78288
4.57482
1.06767
2.16863
2.07741
3.80946
4.55177
0.555562
2.15718
4.20296
1.20536
2.98512
3.16926
4.92582
3.76672
4.37189
2.76931
4.90892
3.28664
4.09944
0.619056
0.967588
0.81121
1.8154
1.30732
2.36706
4.36427
4.45101
3.05487
3.32335
0.722566
2.37411
2.09185
3.70044
1.00761
3.69814
0.910136
1.53161
4.80817
0.479129
2.50276
2.05222
1.55453
4.04561
2.57269
0.138069
2.46639
0.271328
0.903075
0.0934082
3.15647
4.87358
4.68734
1.76288
0.597729
0.474205
1.6967
4.12057
0.820355
1.32098
3.87827
1.8976
1.89696
0.0152346
3.94037
3.26714
3.21018
1.45922
2.92967
4.66916
3.3759
4.34142
4.83661
0.51868
2.03402
0.64485
1.84654
0.988904
3.3876
0.32434
1.42174
4.46405
1.54871
1.05494
3.21752
3.57453
1.13097
2.53886
3.33951
0.0778759
2.10045
4.11277
4.8939
0.841996
1.88994
1.26937
4.83283
2.73732
3.4628
0.68954
1.49873
1.09129
4.95726
0.851943
2.94161
1.01004
2.21587
4.00122
4.33314
3.48918
1.75263
2.58423
4.97024
1.4414
4.65373
1.88889
4.79617
2.76189
4.07225
4.85799
4.03068
3.60245
1.82265
0.95604
3.99236
1.626
2.66283
0.925265
1.61949
4.73202
2.06785
2.44858
4.72472
2.51551
0.680844
2.41926
1.88386
4.52716
1.44843
0.410806
1.7142
1.68424
0.356348
0.185692
2.37718
2.98214
3.39542
2.43044
3.05026
4.28919
4.12581
2.36364
1.15602
1.26943
4.08285
3.34098
4.25527
4.11448
0.317414
2.85763
2.34283
2.82158
4.11041
3.06279
4.65197
3.8327
3.17859
4.89522
3.18679
4.77203
2.25404
1.8211
2.87406
0.0351056
1.91266
2.79097
1.65342
2.37353
4.53437
0.498558
3.84009
4.68584
1.61472
2.87393
3.62228
4.13841
4.22981
1.70354
1.70989
0.0429781
4.96595
3.16098
3.08458
4.21405
2.34344
3.28066
0.568405
4.24293
2.09657
1.15432
1.27355
3.27859
1.95818
0.319624
4.1779
1.6532
1.22428
2.46342
2.37599
3.37275
2.51957
3.43451
3.45545
3.87432
3.66866
2.09481
1.05963
2.26401
3.61661
4.80194
2.21031
0.389426
3.28153
4.22389
4.44671
3.34465
0.507792
1.57674
4.74806
4.63362
2.75914
1.59048
1.49343
1.02622
0.0342373
2.11133
3.04002
1.46349
2.22273
3.91752
0.81802
4.83368
3.5989
4.83096
0.594645
3.09749
4.16608
4.33183
1.20512
0.897431
1.57818
0.786613
1.45403
2.07857
0.647697
4.71699
1.16782
0.594862
0.784459
4.26146
0.0828266
4.30593
0.593231
0.316676
1.46786
2.13081
0.815551
1.68204
0.345367
0.0952847
1.01055
1.40988
0.414237
0.357323
1.8227
1.26087
0.553319
4.95888
0.362058
1.70114
0.0311987
2.22841
0.479207
4.02639
0.0992974
3.80955
4.2167
3.29464
2.52213
0.956423
1.89348
4.56094
1.34833
4.78572
1.19598
1.27747
1.4387
4.03653
3.39387
0.237242
1.87719
0.92908
3.48778
3.88304
2.28205
3.63254
3.52498
2.12332
3.60363
0.216974
1.13484
4.39942
0.73294
4.14567
3.26358
1.87166
3.24709
3.31135
3.66224
1.61911
3.49164
0.995708
3.23175
4.32611
2.9162
2.56082
0.738942
4.90328
1.28591
3.77668
3.66887
1.32399
3.94951
1.71251
3.32571
1.54865
0.486129
4.55335
3.25284
3.56758
0.326131
3.57438
2.28562
0.105082
0.53005
1.43233
0.44785
1.94236
3.46761
2.15393
1.75364
1.82036
2.29183
4.25263
0.957562
0.446328
1.61205
0.05355
1.64685
2.95554
0.330885
4.12717
3.60966
3.9168
1.56269
4.26334
1.67322
4.82505
4.76886
3.3337
0.625492
1.09841
1.58639
1.82973
1.42765
2.24754
1.47399
1.31675
4.9473
2.66802
1.18178
1.05975
2.18736
1.62769
3.34612
1.41787
2.78862
4.41086
2.21359
3.5449
0.397944
3.47041
4.66875
4.38522
0.903455
0.185248
2.70684
2.23733
1.5442
3.15658
0.319488
1.43293
2.93668
0.551837
1.8835
2.05769
2.93898
0.727588
2.3125
4.18627
4.02764
2.66569
3.37381
3.72957
3.87156
2.77966
2.97825
2.19856
3.54847
1.32276
2.95656
4.58954
3.40093
3.46305
1.88816
4.47123
1.53174
1.8681
2.96735
0.3903
3.37614
2.09495
0.275035
1.14463
2.55669
2.49769
2.06724
4.60482
4.3285
4.90548
3.45087
4.70169
3.45964
3.45885
0.368457
0.97955
2.22011
2.92712
1.1286
3.58991
2.46945
3.02009
4.91487
4.50791
3.52617
1.56096
1.1669
0.167638
1.20326
4.61816
2.44355
4.57177
3.22719
0.767504
3.29104
4.52135
0.354372
2.27449
2.88917
4.94043
1.87342
0.219048
2.09659
4.58807
1.26229
3.79794
1.33352
1.42043
2.65955
3.46053
1.66461
1.20351
3.68673
4.35338
4.77579
4.01121
4.65818
3.47151
0.101794
1.71417
2.64489
4.64314
1.15395
4.37726
3.74399
4.91051
4.07296
3.46232
1.42997
1.33405
0.645437
3.16503
0.650828
0.50005
4.45656
2.76555
2.38931
3.53748
0.0674462
2.05681
4.97031
1.51423
1.15253
3.20967
4.47318
0.707189
4.75071
2.09765
2.68273
3.48838
0.492261
4.76949
2.37412
2.65945
4.40295
4.93027
3.86849
3.51787
0.845194
3.20402
2.39544
4.57372
4.74997
3.53355
0.979722
3.55369
2.66788
3.90043
1.93705
1.73879
2.9561
3.87382
2.64349
4.81421
1.76988
0.320887
1.78156
2.80816
1.24863
2.23487
4.41388
1.09632
1.05975
2.86147
3.27302
4.03147
0.544574
0.0633607
0.746515
4.08133
0.301212
2.54549
0.223895
2.39012
1.97567
4.00987
3.60408
4.67766
1.46519
0.0168395
0.838927
1.31824
4.63231
2.8628
1.8059
4.93496
1.59769
3.36408
1.78646
4.9262
2.33858
