3.4289
0.0551987
0.0927165
1.92336
3.96642
4.19495
4.75764
1.8829
4.12176
0.031095
1.61567
0.208825
3.74386
0.963578
4.79089
0.213478
4.33016
3.34387
4.51645
3.73088
2.3618
4.5891
1.16148
4.81462
3.98384
3.64766
2.60961
3.7024
3.201
0.416301
2.39774
3.83362
1.39819
0.00663252
2.59878
0.81501
2.24503
0.0204825
3.90028
4.07763
0.646524
0.125264
1.4567
1.71654
1.17985
4.20313
2.05776
0.798261
3.5037
1.14894
1.86404
1.78443
1.95387
1.04791
3.05104
4.70932
0.334801
3.38935
4.08865
0.0393886
4.93487
4.61797
1.48481
4.33272
4.02726
1.11741
1.47701
3.0661
4.60049
2.8577
0.135169
4.08523
1.10102
3.79047
3.72654
1.55756
2.63119
3.94757
1.15486
3.12956
4.30646
3.42822
1.37721
3.91914
3.43226
0.664415
0.513717
3.75672
0.696108
2.08735
3.48382
0.131809
2.41419
1.93049
3.3282
4.66718
0.8276
1.66555
2.77751
4.14033
1.10604
4.80902
0.39543
4.55889
3.33434
0.187152
1.28739
0.0168125
3.11377
4.11295
3.82902
1.40467
3.64747
3.29331
3.92641
2.95363
2.62229
0.746181
1.48769
1.28482
3.87497
3.6129
4.72627
0.00897378
4.3333
2.8231
3.49593
4.93659
0.165772
0.764441
0.812891
4.79803
0.66266
4.96953
1.20348
4.40928
1.77638
0.275535
3.37531
2.52269
3.06439
3.70589
1.91923
4.76241
1.16938
1.75481
3.50134
3.82907
1.66151
3.42366
0.439144
1.89492
0.296739
3.41188
2.45611
3.92923
2.62642
2.92548
2.90303
0.941908
3.0733
1.26947
2.01278
0.168658
2.64294
3.63478
1.42787
2.43916
3.37803
2.55057
3.75288
3.80598
2.73942
3.87997
0.851977
2.46211
1.42675
0.597587
0.235244
4.28779
1.35655
0.828314
0.327296
1.11638
2.63705
3.9102
0.488324
0.00377139
4.52777
2.60113
2.54242
4.52545
2.19384
3.68008
3.23127
2.89617
3.61305
1.00393
1.7231
1.03301
2.22531
0.365276
4.37423
2.50404
0.0578963
0.0533117
4.76183
3.50439
3.0703
0.700173
2.7435
2.4736
3.66747
3.46701
0.689882
0.450246
0.233101
4.20911
1.65478
4.1309
3.36699
3.89419
1.23654
2.90597
2.39257
4.23408
3.36283
2.58394
3.33248
0.869335
2.33021
1.43869
1.29482
0.896931
1.27529
1.54577
1.76327
1.91273
4.76337
2.84185
1.84614
4.62817
3.62425
3.36549
1.78289
4.74627
2.11949
1.65884
4.86892
3.01922
2.26459
1.64204
0.0337641
1.11587
4.22095
0.422589
0.562384
4.17728
4.23501
3.31983
0.964147
3.29455
3.94036
4.62158
4.56647
0.803311
3.17969
3.75748
2.77918
0.739403
1.80384
0.591456
4.26493
1.32737
3.50254
3.74995
0.389071
1.14076
4.52509
3.0686
1.52154
4.29889
2.79823
4.35372
3.83608
3.29873
1.83473
4.97885
1.45086
4.2218
0.372553
0.330427
3.78291
0.0695158
2.2712
1.04181
4.77566
4.11787
4.14512
0.263717
4.33892
4.16898
0.69119
3.84743
1.98963
0.999081
3.85101
1.47741
4.58018
1.86762
4.41109
2.62096
2.78873
0.378968
2.66888
1.07555
1.35022
0.344979
3.23777
4.29388
3.32368
2.67028
2.60174
4.70717
4.37999
4.1988
3.39944
1.10793
3.864
0.0431938
1.20228
1.10525
0.54241
3.41349
2.8351
2.58925
4.44969
4.07851
0.520552
2.1193
4.17361
2.05235
3.11266
0.914267
1.52722
4.41775
0.776748
4.98521
2.41456
0.840484
0.324021
0.9152
2.86589
0.721443
3.5694
0.797759
4.28609
1.85668
1.0983
4.1862
1.88166
0.588126
0.656776
3.64755
1.28354
2.21856
3.04225
0.617553
4.48866
0.0950932
1.34395
0.700029
0.724966
0.872351
2.37744
0.200654
4.97202
1.55206
0.947237
2.44737
1.976
4.5479
1.08765
2.7218
3.1941
0.0338388
4.47685
2.20184
1.68443
2.7708
3.72503
1.70203
3.11086
0.846705
4.69069
3.98084
2.43496
1.33703
2.40504
0.238527
2.84546
0.6845
2.33785
3.49072
1.10875
4.66322
2.41952
1.91867
2.87045
1.05776
2.73876
0.415026
4.84598
2.96073
3.20536
0.732892
0.249611
4.3467
1.35261
2.015
0.175862
3.84107
4.81615
3.17452
0.433651
0.560675
4.7951
2.26169
2.99053
2.02985
4.4601
1.06822
4.16474
1.49244
0.795038
2.47087
1.87016
0.318315
3.29113
4.72007
4.88219
0.0612735
3.75203
3.60837
0.723951
3.65993
4.42499
1.83924
2.42796
1.13663
2.43997
0.625446
3.2486
3.71497
4.70978
3.48589
3.15781
0.0671437
3.98824
4.61863
4.92778
0.0929223
2.9346
4.03857
3.78877
0.899165
3.94358
1.63279
2.59149
2.91534
1.80111
1.5916
2.12171
1.64879
3.56409
0.555999
4.02187
4.62825
4.82072
4.17462
3.37901
2.50243
2.89812
0.979142
2.56926
4.69849
4.53968
1.51384
4.59044
0.364842
2.77106
3.68725
2.66802
3.59261
2.76197
0.901379
4.39743
1.89832
0.138672
0.274546
2.12754
0.47037
4.96711
3.45945
1.46905
2.57386
1.28932
3.8909
2.10997
1.6948
1.73548
3.25112
2.82103
0.259525
2.19657
2.83375
2.23421
3.91234
1.53326
4.57333
2.13048
2.96111
0.437167
1.86858
3.67791
4.52882
1.67155
0.20078
3.09689
3.88615
4.08105
3.33413
3.52174
4.84893
2.44333
2.06069
3.57587
2.36512
1.40236
0.0634604
1.87953
1.01305
3.84323
1.72037
2.82167
3.6613
4.2883
4.49225
0.996543
2.96756
1.52923
3.22968
1.13628
4.50398
2.1768
0.985898
1.82719
1.83205
3.55933
0.665757
0.992746
1.48534
4.56655
4.24482
3.3489
4.21317
3.9329
4.83951
2.09991
2.88929
0.667798
0.944399
2.60406
2.87047
1.56631
4.53929
0.705792
2.27918
0.158791
4.24216
1.00201
2.82282
3.59731
4.69859
0.408719
3.48604
1.72518
4.01358
3.84838
0.491273
0.464449
1.33873
0.397321
3.05949
4.01744
4.35476
4.01562
1.29709
1.52943
1.64417
3.98467
4.4278
4.25188
4.30672
0.858429
3.63732
2.5862
4.50804
1.48736
4.16397
3.27171
1.24336
3.69395
3.52967
4.60441
2.53689
1.19118
0.629985
2.68331
0.604139
4.3291
1.92703
3.638
2.62744
0.0348864
2.07606
0.421636
1.11114
2.79276
3.3308
0.375009
3.2681
2.86218
2.43553
3.36387
0.505782
4.64171
3.0813
3.76525
1.17872
2.63921
0.929537
0.722594
2.60755
1.62661
0.0412931
3.42898
3.61109
1.00225
1.45767
1.63986
2.59689
3.13663
2.30575
1.24048
3.50821
1.07349
2.1787
3.42254
2.20438
0.714635
4.27566
2.98368
4.6178
4.4883
2.84872
4.14629
3.56087
3.45216
1.59382
1.81698
4.61541
1.39611
2.5353
3.83628
2.48362
4.68286
0.172465
3.43517
1.00687
2.6031
4.50043
3.6966
1.46813
4.27556
3.84296
0.155851
4.24991
1.64814
4.91066
0.814093
2.59866
3.65903
3.62068
3.13428
2.29385
4.38627
1.08409
2.21889
3.18568
0.0887474
2.34847
0.467474
4.54693
0.114752
0.161715
0.0343818
0.484625
3.54384
0.881411
0.575019
2.85733
1.84838
2.83791
0.429562
0.883802
4.28736
4.08149
2.09475
4.13078
0.746578
2.59077
2.6347
0.893255
0.716022
4.81756
0.388591
1.81199
4.71545
0.296316
0.554802
1.69726
1.05568
2.93383
1.08924
3.13405
0.440576
3.78616
2.84688
4.74003
4.11821
1.88858
3.12469
2.42924
4.75536
3.43401
0.73709
3.01602
1.72551
4.05285
3.36572
1.11942
0.149738
1.21994
1.1634
3.83871
3.70833
4.94918
3.88184
2.64618
3.45012
3.72663
1.21646
2.61719
1.2584
4.21166
3.51541
2.72759
1.96608
2.15736
0.299384
4.29655
1.54331
4.84356
3.70721
4.36231
1.22078
1.18939
4.77061
4.04927
4.9329
3.6277
0.449584
1.50864
1.43365
2.23743
0.328231
2.48886
1.96092
0.578548
1.28858
4.96679
1.93171
2.51766
3.95551
3.88055
4.02748
0.853714
4.42056
0.819442
2.70181
3.16983
3.20177
0.889645
2.57084
4.70096
0.629454
3.14882
3.47768
4.08516
3.77718
2.36493
0.413441
2.68819
1.26731
4.519
4.53919
4.7891
3.62349
0.806717
4.68956
0.857304
4.90937
0.522382
0.559294
3.45779
3.69565
0.69945
0.922339
1.76159
2.96894
4.88768
0.203816
0.855587
4.11448
3.63941
1.79813
3.20659
0.109687
1.82877
1.49509
1.8795
1.55003
0.68701
0.0438837
4.79771
0.700565
3.77714
0.207646
1.82221
1.9029
3.3273
2.73779
2.84393
2.82912
3.55152
2.29605
2.76941
4.35909
2.67503
0.675137
4.20119
4.45759
0.483323
3.0881
4.53044
1.11745
2.42945
1.74462
4.39286
1.31719
3.43464
1.17066
0.533356
0.449994
0.300262
1.89399
0.829932
3.69564
0.970723
1.84221
3.9842
2.43519
3.27945
4.20256
4.96038
2.57524
1.91584
1.7004
3.21874
1.78904
1.25387
0.13101
2.31824
0.953645
2.29274
3.86633
1.00361
4.96983
3.53963
4.84007
3.3446
4.90858
1.6861
2.58876
0.2661
0.279175
3.6391
0.272697
1.24225
0.0554677
4.20755
4.21095
4.80847
3.93517
2.33008
2.82438
3.24579
2.69525
1.62877
0.725196
0.0727671
4.18911
3.95835
3.6322
3.372
1.0642
0.415864
3.38935
4.25758
2.43008
3.18391
1.2317
2.40061
1.23577
1.45308
2.05898
4.78732
4.172
1.51933
4.35718
4.66164
2.11498
1.1189
1.44761
3.5082
0.608046
2.83226
1.21406
4.57976
4.54712
3.04293
1.73564
1.96856
1.84145
2.54059
4.19844
1.36504
1.10748
2.14299
3.65621
4.06967
2.34374
1.36683
3.0189
0.48597
1.53693
4.4261
4.95189
0.0312836
1.13085
4.18242
1.99435
4.19353
2.42757
0.985696
1.49662
2.44837
4.72683
2.72363
4.19445
2.84965
2.01689
0.722902
3.70987
0.561731
2.77928
3.93083
1.84976
0.21519
1.30109
3.18378
4.71946
4.58659
4.49756
2.17334
0.168422
1.71285
0.613147
2.70437
4.39174
3.44413
4.76995
2.48658
1.97341
0.176082
0.839826
0.162566
1.35451
4.563
3.96416
4.89057
4.02578
0.826461
1.9823
2.8743
3.35908
4.63866
4.07664
0.00309949
3.52177
0.847669
3.48071
1.63087
0.204231
0.704042
0.688703
2.93719
1.83978
3.64095
3.42209
2.90114
3.11699
2.77261
4.40329
1.31318
3.26062
4.06286
2.64334
4.68639
0.0395885
1.34028
4.65306
1.6326
0.0227619
1.31119
1.47626
2.16272
4.09781
2.90364
4.14471
3.93599
4.4675
4.67552
3.4838
4.49022
4.06762
0.223779
2.12722
1.35981
2.03873
3.31678
1.28915
3.45383
4.7584
4.15383
4.8398
3.90234
2.42763
1.93487
1.02884
4.00773
1.8167
3.06381
3.69493
0.653495
4.73867
1.05239
2.00581
4.96351
3.67095
1.62986
1.36466
1.16388
4.6122
0.312676
0.36074
0.666145
2.50885
2.12598
3.85231
3.81357
3.68276
4.91056
1.77443
2.62532
0.357709
2.04266
4.05214
3.80913
3.95223
1.53904
4.30802
3.95013
4.02134
2.83749
3.76972
1.35351
3.07201
1.02687
2.54134
3.98101
4.16945
3.30591
2.52506
3.77548
2.03546
0.247961
2.1073
0.0309191
2.09618
0.742528
2.8936
3.05886
3.73474
1.79614
4.33339
0.936209
2.81636
4.52838
3.97657
4.92925
4.73795
2.76434
0.807863
4.90996
1.00595
2.81313
0.430941
1.85486
1.66038
3.48202
2.97938
1.51856
4.58033
4.19797
0.966066
3.69189
1.60512
3.24734
2.15349
1.81502
3.67752
3.81914
3.75217
3.33419
4.68827
4.91985
2.071
4.02391
3.6963
2.81081
3.51787
2.55347
4.02734
0.34344
0.0652658
4.82259
3.71065
1.08133
3.05649
4.91421
4.68506
1.07511
0.0354782
0.760344
1.54314
1.35022
1.22947
1.52455
4.20342
3.77107
0.987347
1.39172
2.33854
4.98072
0.432929
3.28028
1.22819
0.411026
0.429511
4.21729
3.33768
1.41451
2.09601
2.00451
4.80195
4.8447
4.80201
0.708434
1.62135
2.06541
0.182408
1.58383
1.58131
4.22615
3.3299
3.05848
2.07482
0.823178
3.64099
4.58247
3.32763
1.53078
0.832093
0.26774
4.06412
2.55515
3.21021
0.303874
4.25727
3.5503
0.323805
3.65612
0.794119
2.56735
3.61203
3.95389
2.2449
3.26808
4.23937
0.520347
1.78827
3.45804
2.28072
2.71083
0.977521
3.31707
0.0159212
0.371866
4.36561
1.07873
1.92726
0.881653
1.8462
3.19213
2.61403
3.07986
1.87743
4.21337
0.795524
0.158483
0.214715
3.31648
0.799899
3.60807
4.1876
0.547145
2.53852
0.147073
1.46451
0.00241275
3.48157
1.6113
0.656629
4.66141
0.813748
0.839676
1.55883
2.86232
0.773281
4.08955
0.714531
2.37455
4.83234
1.93513
3.1776
4.98751
2.16815
1.15886
2.81579
3.95873
4.12828
4.2202
2.30704
4.02957
0.986553
3.57648
0.790282
3.04148
2.06082
2.2961
3.10228
2.39721
0.502079
0.127678
0.943518
4.69738
0.656861
2.89505
2.94385
1.16522
3.45182
1.00163
1.97274
2.56453
3.00442
0.940119
3.30605
3.2968
1.87161
4.32271
3.93318
0.241585
1.12746
3.51697
2.97405
3.07282
4.85463
0.857135
2.77647
1.78028
3.63948
1.91273
4.88688
2.63627
3.02453
0.856614
0.895724
0.996151
1.92877
1.12836
0.277653
3.87608
0.472242
4.46723
0.10533
0.204608
2.17806
3.08664
1.74769
2.76286
4.78902
2.33745
4.095
3.06647
3.28553
3.43771
2.93335
3.24948
1.62623
2.8002
3.39499
1.22403
3.3073
4.94109
0.0108096
2.70527
4.61681
4.3391
0.775506
3.69802
3.03833
3.84457
1.28581
0.302391
4.67808
3.21597
1.49511
3.90483
2.68581
3.42413
3.28378
3.79633
1.40405
4.86214
0.726215
0.020368
3.94351
2.47977
1.59523
3.2098
4.14303
1.53963
3.92302
0.129691
0.536814
4.75611
0.241586
1.91738
3.42037
1.27096
2.37709
0.179133
4.97224
1.83815
0.631421
3.52067
1.52957
1.42302
1.78392
4.44424
3.2323
2.23713
1.95795
2.09615
0.587893
0.032451
2.00312
3.80079
1.87049
3.9922
0.371453
0.568953
4.7774
0.596628
2.05873
4.90508
1.53692
4.66835
1.73117
4.86977
0.0306879
2.18137
4.13051
0.130508
2.79058
2.91623
4.5835
3.10673
1.5769
0.854049
0.257852
2.46462
3.14933
2.07898
3.50371
2.05899
2.67203
0.226155
1.14709
2.39519
2.91501
1.61439
0.242665
3.71437
1.31063
0.625821
3.40542
3.73323
3.49652
3.82553
2.23413
3.04469
0.286168
2.8254
2.27489
3.58351
0.576324
0.0273745
4.33414
2.60334
3.36784
2.77176
3.46248
0.0288127
1.39564
0.52223
3.5669
4.91372
0.726504
2.23233
3.43663
3.91297
4.24763
1.23449
4.97783
2.11651
1.82807
4.79974
2.58866
3.02154
1.82563
4.8374
1.04701
2.95011
4.89432
2.79657
2.38446
1.83565
1.75555
4.45048
2.49235
0.93211
0.116488
4.92013
0.348865
2.78875
4.29099
1.55592
1.69535
4.95109
3.22292
1.76964
0.501536
2.78993
4.38019
4.0175
0.808309
0.333259
1.08322
2.73502
2.97303
3.87356
3.57842
1.92996
1.25781
3.24847
2.89912
2.30316
2.83164
1.6279
2.41968
2.97845
1.121
4.63783
2.16836
0.258032
3.54139
0.87692
0.581731
0.933497
1.50157
4.79826
4.16034
2.65075
4.44972
3.76742
3.75931
4.61318
2.26861
1.59943
4.67255
2.00442
2.9143
3.56498
0.468622
4.2038
3.06903
2.36489
0.669066
3.19756
2.76329
4.39075
3.20063
4.68268
2.05378
4.0035
0.438909
3.42726
0.170742
0.317321
4.31197
2.67616
2.71607
4.54725
4.45893
0.983196
3.77237
2.46703
1.30124
2.6828
0.604651
2.23169
0.661816
1.43547
3.42158
3.0697
4.91877
1.55141
3.89743
3.41889
1.03813
2.00811
3.46245
1.74245
3.87925
2.96641
2.41865
1.97767
1.91202
3.2986
1.04762
4.86352
1.67878
1.71992
0.901595
0.531875
3.49504
4.39654
4.65513
4.38244
3.71262
4.08548
0.366301
3.23423
2.68231
0.202082
2.31267
4.22195
2.8713
4.43687
0.380748
3.42048
2.2565
3.81284
1.80964
0.3129
4.24163
2.95452
2.21013
1.47924
4.18686
1.15276
1.55275
2.33625
1.59981
1.11339
1.5476
2.07949
3.73012
4.25017
0.588387
2.41448
3.46085
2.52917
2.95054
2.81999
1.32477
2.42328
1.17252
4.61755
2.05555
3.82329
2.05778
1.37803
0.308366
3.71078
1.48966
4.30053
2.51246
0.68969
1.44904
2.8903
3.03402
1.81268
2.03339
2.73205
1.90948
4.13466
1.4214
2.20891
4.17079
0.655564
0.51305
0.314505
3.45769
2.04416
4.18433
1.52348
4.5203
4.01925
3.51874
3.47697
4.28464
3.80761
0.415227
2.15616
1.67203
1.05429
2.71667
0.905957
4.711
4.98061
1.89748
4.65063
4.88908
3.8463
3.94517
2.00014
3.42341
4.09114
1.10969
4.0501
0.474872
3.25764
2.6734
3.49373
0.287195
1.68663
3.92021
0.712768
4.73683
3.67211
2.01732
1.5357
1.13595
0.897185
4.35053
0.902908
3.65696
4.52906
4.96585
3.40216
4.17289
2.18032
3.13566
4.7484
2.82996
2.22795
0.642291
0.927118
1.46024
3.21727
1.82812
3.83397
0.713103
4.1898
0.0932937
0.112841
4.66637
0.680617
4.24711
4.98963
4.8904
2.91946
4.74253
4.56793
4.2137
4.87852
1.5758
0.932465
3.37016
3.2413
3.4804
2.78296
4.50344
2.49668
1.68367
0.670766
3.17447
3.02407
4.99999
4.26773
3.69776
3.40896
2.40751
3.82746
4.2145
0.379166
2.77597
4.44607
4.19791
3.14903
4.21694
2.35716
4.74133
4.27888
3.91058
4.66345
4.60345
2.49521
3.61896
1.44406
0.079698
1.42337
2.29022
4.31443
3.87627
0.192831
1.08628
1.80538
0.0992414
2.86614
2.1011
3.83007
0.288948
4.97969
2.14937
4.05128
0.337171
0.993524
4.92047
0.362183
0.487037
4.94359
4.86413
3.69929
3.35488
1.09219
0.913742
1.6058
2.51196
1.67956
1.96985
0.930839
2.28425
0.198089
2.86278
2.07209
3.71114
4.19322
1.45573
0.8881
1.61253
0.71363
3.79135
1.44762
2.23026
4.88923
2.6856
4.84935
0.376783
4.51849
2.93884
1.58726
0.831475
0.228185
4.50433
3.93429
0.233608
1.48235
1.84103
2.07275
4.19269
4.33129
1.0221
0.253199
1.39492
2.83954
1.79352
1.6606
0.928961
4.89972
4.59445
0.382717
2.51972
2.37445
4.05001
3.38569
3.37789
2.2062
3.84113
1.51
3.10944
4.72463
0.752297
3.03792
4.59641
2.93895
3.00601
3.63444
0.606109
1.046
3.09125
1.51732
3.34217
0.407925
1.08431
1.72224
1.26169
1.68762
2.62067
1.27704
3.71833
1.02453
0.355277
0.57555
2.22813
4.9003
3.4964
1.97822
0.817758
2.33937
3.4662
2.62619
2.48772
1.78249
4.42488
0.892899
4.14898
4.66385
0.265936
2.80107
0.0476681
0.490806
2.40066
1.51325
0.262486
1.14905
2.51299
3.67306
1.39104
2.55907
1.59337
3.95152
4.47456
2.30866
4.85842
2.61613
1.46628
2.49531
2.28965
0.41167
1.41345
3.67884
1.35212
0.546528
0.257934
3.50748
3.68745
1.84638
3.77096
3.20562
3.77784
1.4465
1.34774
4.51155
4.04825
3.5214
0.617483
0.979255
3.05891
3.7865
4.81072
1.59812
3.42885
2.49738
0.66506
0.94633
3.03047
4.00564
3.86168
2.59943
2.52514
2.22173
4.11489
2.55296
1.15526
2.33908
3.52288
0.319717
1.01414
3.29864
1.44156
2.11282
3.77501
0.0366598
0.439392
2.66315
3.15753
2.55996
0.176958
3.24677
1.9581
0.908942
0.508213
3.54638
1.51463
3.62948
1.99646
0.536584
3.5698
1.74724
0.614152
2.26717
4.21328
1.24008
0.8533
0.420183
2.51323
3.34774
1.22659
3.41118
4.71074
3.66581
3.75686
1.03467
2.91112
3.92519
4.779
0.573795
3.1868
3.69801
4.87026
1.07768
1.5722
1.63321
3.24657
0.20282
2.06533
2.82146
0.839659
0.382757
0.0715707
4.45051
2.82837
1.1696
0.105684
0.133893
4.10847
0.0930035
2.27896
1.48191
2.39867
3.20123
4.46425
0.457929
0.822085
4.47263
1.19884
2.46826
1.73358
0.863141
3.15738
0.526909
0.503586
3.47835
0.912736
4.26656
0.751932
1.53977
2.10618
3.26008
3.65735
0.316882
2.07217
4.92648
3.14172
1.36287
4.83579
2.2319
3.81855
0.0110561
4.1447
4.39284
1.12004
2.60261
4.5744
0.684487
1.5186
2.52905
1.69758
1.99341
4.27496
1.66788
2.29738
1.30521
1.05798
0.291365
3.47259
4.58761
2.02544
2.10193
1.51001
1.032
1.00707
0.718686
4.30033
1.59312
2.91501
1.96706
3.64167
0.734549
1.52607
1.93941
2.80092
1.03575
4.1865
4.96981
2.02433
4.00045
4.73185
4.59349
4.28398
2.36709
1.97449
4.81877
3.78059
0.189698
3.99659
0.419139
2.2684
4.34764
2.77159
1.4604
4.32433
2.6738
3.10716
3.17975
4.32164
1.08057
3.17256
3.73141
4.82535
3.80877
3.52212
2.57006
2.37668
2.33766
1.38679
4.69036
3.18259
1.74714
4.11771
4.02981
3.04665
1.54541
2.80494
3.97982
1.87852
3.71663
2.66813
4.49552
4.09233
0.435146
0.769803
2.63693
4.01129
0.333076
3.62961
2.49669
0.506239
2.65831
0.0083495
1.73471
1.45801
3.18842
1.66299
3.26162
4.85425
1.97419
0.425804
0.538268
0.502324
3.8577
0.590886
2.41242
2.96102
0.117931
2.64091
3.05592
2.56912
0.204007
3.5898
1.23207
2.74861
0.203221
4.59165
0.696955
0.79386
0.645522
4.79032
2.28484
4.40517
4.8608
1.03053
3.81708
4.86736
2.48063
0.0117585
2.72627
1.72723
2.06063
1.17297
1.30707
1.31209
3.19142
1.78239
3.28468
4.87834
1.90211
1.84873
3.98253
4.84477
2.88067
0.831547
2.32586
1.70208
1.39512
4.88364
4.1417
2.83359
1.77803
1.35677
3.58344
0.819783
0.0121778
2.54036
1.57206
0.247365
3.8894
4.66123
3.56112
2.24304
1.23585
1.22591
4.90025
2.20384
3.665
3.13918
1.40102
0.0817382
4.53902
2.99709
1.45501
4.32198
2.56091
4.0041
4.15493
1.68902
4.39881
2.95681
2.73843
0.176082
4.23676
1.75828
0.426133
1.6831
1.62866
4.10054
2.90254
0.97628
1.33155
4.15713
1.3275
1.15249
4.26259
4.24893
4.24068
4.44843
4.95715
1.28885
2.07527
3.1769
3.13214
3.33135
3.32334
0.344456
0.164161
4.5449
2.79165
2.49683
4.00797
4.55352
3.72776
3.73131
2.55911
1.22073
0.92236
0.0683931
0.818246
2.81796
0.549886
1.66987
3.27326
2.09367
4.12597
3.66214
0.0320554
4.10053
4.11568
1.27213
3.72933
3.78102
2.27171
3.14147
4.0485
4.99561
1.28271
3.61584
3.3209
0.411319
1.37599
2.36808
2.66073
0.205466
4.68449
3.58584
2.94383
0.293071
1.86709
3.92302
1.75538
0.221198
0.447059
0.661905
2.10669
1.94556
2.44852
2.26721
4.91713
3.35172
0.705685
2.29448
2.02148
1.88957
1.91984
3.64957
1.73702
1.48238
3.28446
3.17581
4.33163
4.47822
3.44955
3.47178
4.75379
2.87327
2.0088
4.0577
2.38049
4.20347
3.32887
3.79197
3.6988
0.886841
4.37559
1.99635
1.19537
2.4674
2.32186
2.49308
4.722
3.69372
2.83441
4.46559
1.01083
3.72765
2.03836
2.61344
2.8358
4.53737
4.59557
0.710789
4.11606
1.74502
1.2038
3.84692
3.41379
0.613539
3.88956
4.53593
0.837035
2.29776
0.846113
4.66382
2.17908
2.8455
0.513617
1.81659
1.72122
2.68994
4.9523
4.83587
1.92038
2.99467
2.26628
2.60769
0.592185
2.05979
3.61207
3.79649
1.77141
4.34413
2.71233
1.31539
3.53466
1.04219
1.71795
3.3889
3.83364
2.67706
3.46541
4.65716
1.58748
0.50203
1.10268
0.911902
4.58027
0.767413
3.4848
4.65385
0.0326146
0.0284826
4.4863
1.25526
0.491165
0.845822
4.99654
0.477987
1.36774
1.85776
2.65095
0.263036
1.37358
4.73865
4.65411
1.03802
1.04918
2.40113
2.56465
4.10821
3.70185
2.04905
2.15722
2.15403
4.17248
0.193192
4.28602
4.03089
0.302452
0.620619
1.88071
4.54005
1.71455
3.3494
4.24313
4.60237
1.27809
2.13526
0.338611
1.08199
2.46624
3.59732
3.99416
3.57878
3.04547
2.34743
2.96145
2.74165
4.47307
1.72874
0.766123
4.66835
1.515
3.9794
2.01602
3.56767
4.96026
3.04759
4.14441
4.79311
4.78185
0.491921
0.149433
1.23851
1.99506
1.46309
2.01307
4.27655
0.39783
0.487129
1.56487
2.60098
1.75523
3.54107
1.03162
1.53683
1.96915
3.73449
0.227497
1.68839
2.374
4.37533
2.66484
1.29296
4.25698
0.984676
4.89305
1.32931
4.07111
0.732219
3.35489
0.724187
1.18338
2.10847
3.04204
3.51882
2.35013
4.956
3.95541
1.24547
4.27675
0.180199
4.78314
3.99989
4.07153
3.593
2.23527
4.70679
4.58037
3.06287
1.98832
4.8786
1.10886
0.0246746
2.76073
2.99715
3.58918
2.63814
4.86477
0.474093
2.43384
3.64876
0.860331
0.475686
2.88129
3.53529
2.62214
2.09586
3.05525
2.5321
3.01967
4.69544
4.10169
4.78123
3.48337
2.65278
2.88851
2.72919
0.432746
4.94812
3.37699
2.34625
3.83864
4.47014
3.9716
0.256228
2.03246
1.56894
0.0484835
4.29333
4.76528
0.175027
3.27824
2.58893
4.74311
4.49548
2.80899
0.905275
3.00643
2.43394
0.106909
3.5476
3.38108
0.0465992
0.00912009
1.57534
3.3323
2.65246
4.82696
0.348433
0.431422
4.73839
1.12129
1.62074
2.04072
4.1262
4.38881
0.474694
0.887565
4.47071
3.57485
0.77288
1.06758
1.26696
4.14992
2.86645
1.12289
2.73881
1.50249
1.06336
2.43649
4.58336
4.58926
3.66008
2.48526
0.285804
3.39926
1.57662
0.278468
3.17286
4.648
4.16906
1.47638
1.99538
4.14445
0.593541
0.525591
4.9992
1.50097
3.9005
3.38347
4.3975
1.16163
0.384573
3.1314
1.47585
0.355176
4.58898
4.29561
0.504123
2.77937
0.238011
0.32533
2.93497
3.64903
2.59485
4.33071
1.10566
1.32502
1.54844
2.85575
4.67801
1.66922
0.501177
2.24894
3.21705
2.11375
2.68794
4.91133
1.90581
0.459882
3.23221
2.79308
4.59639
2.56991
0.937852
3.86621
1.90165
1.83137
4.44806
4.18694
1.88186
3.28271
1.4053
4.08524
0.797365
0.704162
0.668935
3.97187
2.02583
4.80214
0.302527
1.85772
2.19663
4.88321
4.85469
1.52171
1.7451
1.02493
2.79272
2.89332
0.191292
4.70022
4.72521
0.487224
1.15942
0.186697
3.9457
1.68411
2.74923
2.86116
2.28857
2.89031
2.13339
2.27181
3.67765
3.41256
1.85187
0.095832
3.63866
0.423688
3.02581
3.56123
4.62879
3.91385
0.689762
3.14597
2.79567
0.118675
4.53214
0.286841
1.71772
3.96851
4.98988
0.76333
0.830419
4.65201
1.07251
4.6203
2.46151
2.0049
4.58891
0.94663
3.86274
1.92667
2.00944
1.02154
4.94839
0.371922
3.28959
0.609569
2.85617
1.28666
3.14413
1.19099
0.830014
2.00668
1.34835
1.14655
2.10162
3.72387
0.66285
0.440558
0.666776
1.25001
3.68688
4.5039
3.63654
0.321474
0.748019
3.25063
1.68814
3.97807
2.60026
2.55865
2.54845
4.78233
2.88022
2.91664
0.793745
3.50975
0.623201
1.83519
0.447578
4.70243
4.64671
1.68237
4.93618
2.54993
4.14618
2.93816
2.04995
3.33993
2.98345
0.98216
1.84612
3.34816
0.160726
3.96812
4.36467
4.52707
3.54463
4.01309
0.0189665
2.28165
2.01111
1.77336
0.218158
0.82325
4.73682
2.86566
1.05718
0.233738
4.28318
4.26584
2.52752
2.29336
2.70551
3.25696
3.72982
0.231776
4.21218
3.06682
3.4746
2.81305
2.30432
0.312902
4.94069
4.96123
0.113194
0.965283
3.58428
1.84807
4.99064
2.44516
0.521392
4.80966
2.19431
0.848971
4.46562
0.729425
2.23853
1.74618
2.57093
3.95731
4.97211
3.74902
2.56547
4.50604
1.67484
4.04995
4.85654
2.52527
0.996746
4.28508
1.03907
1.69999
4.57578
2.6158
3.07715
4.76325
3.46918
2.59393
4.78583
0.672898
2.66019
0.48153
3.86293
1.56916
3.1507
2.69305
1.94417
2.40068
2.00883
0.661257
3.86658
2.4463
3.55481
2.65413
4.90037
4.54613
3.73335
2.04374
2.83716
4.34442
4.44423
3.19306
0.999348
2.59055
0.119264
3.95184
0.104157
0.962653
1.765
3.52385
0.0715311
0.62431
2.74124
1.0277
3.21121
1.97167
2.60586
1.72094
0.585181
4.34381
4.18917
1.94018
1.61314
1.82456
2.30201
0.348287
2.25071
2.52897
1.01676
3.71538
4.22326
4.6249
2.378
1.04036
4.99055
2.13442
2.75109
0.739839
0.557655
3.51928
2.12599
4.43727
0.202552
4.6661
1.04307
4.68555
2.38908
4.59889
4.89859
2.57429
3.85163
0.270833
3.8531
0.188297
3.09673
2.08468
2.84214
3.18036
3.96665
1.26471
2.4447
2.42211
4.98299
0.774395
1.34791
0.0640664
0.226351
1.13325
2.00165
3.57102
3.21677
2.75902
1.89326
1.85325
1.31274
1.8761
1.11803
1.3771
3.13439
4.0101
1.75353
1.86874
3.47233
4.25147
1.72719
1.7612
2.3077
4.89492
0.311552
2.8028
0.327884
0.853866
3.40533
4.94596
1.83333
3.87606
0.696383
0.121291
4.19421
4.03197
2.38345
3.37034
2.51808
1.69315
4.52728
4.07572
2.68573
1.8356
4.71414
1.72859
4.45841
0.186988
4.61859
0.49163
4.17378
2.47372
4.1248
3.30675
1.28437
2.84302
0.364312
1.20316
0.29681
2.42367
4.07414
4.287
3.96322
1.04688
3.58603
3.33573
1.52541
1.48024
2.10471
3.74114
4.3404
3.04016
3.5262
1.81192
0.59527
0.182198
2.61314
2.61843
0.90968
4.61319
1.63469
1.71248
4.45054
2.97555
2.5969
2.81381
2.68073
2.68378
0.978619
3.37819
0.0776603
1.67585
1.03778
1.77981
1.77444
4.58977
1.93457
0.208309
3.9986
2.19324
2.47621
2.54208
4.86265
3.1037
3.43148
1.31633
3.56455
3.00153
0.326668
0.0791995
3.30642
3.41845
4.98301
3.02204
2.09566
0.965086
4.19154
0.462359
2.1773
0.389704
1.85471
2.75722
1.49763
4.65867
2.04665
3.52739
4.62797
2.3146
0.234591
3.62869
3.99785
2.77266
3.84128
3.22541
1.29998
0.290456
4.76713
0.809495
2.01857
2.44587
3.82898
1.12637
1.19322
1.92583
3.32983
0.910013
3.74266
2.70813
3.78297
1.85003
0.5344
1.79103
1.19887
2.70734
0.646
4.17769
3.78383
3.57588
0.385869
3.80216
4.75217
0.0245651
3.02087
4.52519
3.92848
1.62812
1.65418
1.26486
0.484436
3.51097
2.08886
3.04428
2.47732
4.96964
4.23383
2.40444
1.71421
0.0793434
2.86118
2.00382
3.38327
0.834164
2.59513
1.25836
3.93787
1.26325
0.288483
2.06701
2.65323
2.08561
4.63723
0.145107
3.13819
3.46938
2.91698
4.01106
1.91763
0.168578
0.923831
2.53386
2.98724
4.07121
2.24565
4.05528
3.8952
1.73241
0.472099
3.80926
1.70816
1.22112
1.5516
0.842627
0.895066
3.5771
4.07346
4.10445
3.32615
4.67752
3.40453
4.74776
2.78266
2.50258
0.990402
4.02602
1.60556
4.2044
3.93868
0.983797
2.45099
1.76554
2.20048
0.200227
0.817932
4.25739
2.71532
0.304057
0.476744
0.619042
1.33579
1.01506
0.303976
3.01733
4.85861
2.26494
3.79811
2.67847
2.94376
1.70815
0.892727
0.578959
4.80039
0.96253
0.447757
3.92347
4.89876
3.53523
2.05851
4.28281
2.4492
3.07549
4.50024
3.29726
2.5398
4.31677
3.04143
3.15506
2.61607
1.66367
3.80548
4.96573
2.12321
1.99807
0.591663
3.68367
3.17873
3.8585
3.11656
3.1531
3.25995
0.0208055
2.4351
0.571443
1.99989
3.09503
3.17648
2.77697
1.86022
0.714575
1.74233
1.40332
2.83571
1.73295
0.0124772
1.24686
1.8394
1.64632
3.86062
4.9606
2.23412
0.0947094
4.70448
4.76114
4.11236
0.216923
0.775901
2.21771
0.776945
4.9926
4.22207
4.90448
0.326771
0.85603
0.103446
2.25014
0.032625
2.29502
2.49839
0.764072
1.52298
2.39403
2.76801
2.65075
2.37625
4.32368
3.3208
2.08415
0.9139
2.14253
4.79936
0.601027
1.59356
2.98265
4.65445
1.98124
4.81584
3.75767
4.58289
4.44415
0.532795
4.3095
2.80195
0.107332
0.195605
1.60002
2.4403
4.83549
4.47618
2.30699
2.05389
3.59682
1.25383
1.70703
2.54941
0.107617
3.15617
3.37498
1.63776
3.87632
0.589146
0.266451
2.90429
4.3542
4.90648
3.96963
0.769735
4.73395
3.23547
4.27821
4.62681
0.111639
3.83283
0.619279
0.215569
1.61566
2.93983
3.80398
2.62257
2.5284
4.49357
4.96568
4.37464
4.82893
2.53312
0.239802
2.17577
4.50412
0.465574
1.75754
4.17829
4.83553
4.96206
0.789642
1.26706
1.4889
4.96063
0.505431
1.54997
2.83829
3.46706
2.23538
4.66315
2.98684
0.554124
2.2482
0.432567
2.10111
4.50634
4.42509
3.64414
4.92147
0.959351
2.42157
2.50652
4.56507
3.08252
4.44234
3.14247
3.87248
3.79754
0.710415
3.96067
1.15933
3.55955
4.4414
4.62706
1.35227
4.3959
0.812681
2.04172
3.29045
1.97369
0.582257
4.66761
3.05166
2.3478
2.40681
1.16724
1.66935
2.36474
2.54688
4.8865
1.19091
0.338137
0.800084
0.949362
0.184033
4.84368
1.98456
0.218829
1.56236
0.493958
4.81822
3.2612
2.34769
1.65225
0.363069
1.28738
2.54996
4.86886
0.641761
0.29523
1.61513
3.87019
3.59048
4.91428
2.03699
1.4569
0.665265
2.30928
1.87809
1.00263
4.0526
4.1535
2.69287
1.9637
0.760386
4.40304
3.6467
4.04721
3.6817
0.415039
4.90762
0.625768
4.26928
4.71218
2.33386
4.48762
1.66246
0.134613
2.39137
1.98154
4.48656
4.49656
0.384141
1.21192
1.84339
1.16389
2.02358
2.54642
2.48509
2.9888
0.643078
4.27087
4.38311
3.38704
4.47652
2.09829
2.72892
0.0485562
1.33205
4.23243
1.50426
3.40954
2.91675
0.65052
1.96922
0.787269
3.75644
4.37186
3.05274
2.85291
3.62284
4.48943
2.01873
1.1363
1.91113
2.38472
2.91196
2.85476
4.20298
3.44684
0.64177
4.86265
4.68654
0.0263723
3.65375
2.77307
4.91523
1.94903
1.24691
1.05808
3.6929
4.34492
4.53886
4.38323
1.00343
2.6492
1.255
2.26396
1.88768
4.77802
4.42113
0.694504
0.699037
1.63808
3.85941
3.03218
0.777887
1.94682
3.22793
1.8031
0.973235
3.52518
1.51493
1.14319
1.97496
0.177661
2.48919
0.906521
4.96535
1.43689
3.51669
3.67911
2.07099
0.0232857
4.14346
1.17041
4.33591
4.02006
1.36077
0.90886
4.96393
3.25383
3.88122
2.72797
3.79682
4.05767
2.82499
4.09391
4.29075
2.67488
4.57433
4.97283
0.568982
1.71213
1.4549
1.17582
1.30338
3.42958
4.12735
1.6866
0.559093
0.174603
3.44838
2.83222
0.590404
0.918431
1.94224
0.542236
3.45685
0.79011
2.7328
3.55899
3.91573
2.58244
3.67238
4.80178
2.99826
2.42899
3.63569
1.75581
4.15466
1.93955
0.829265
1.56161
3.61031
1.81044
2.83449
2.73068
2.83031
3.81329
0.107257
1.15605
4.48767
1.50905
4.68926
1.03326
0.31381
2.09489
0.671047
0.350041
1.911
3.19608
1.82716
0.416888
0.79847
0.129154
2.91855
4.04954
0.508967
3.71839
4.79828
2.26477
4.14579
1.88726
0.152326
3.69243
3.3032
4.34208
3.18276
3.07013
3.29871
3.79669
1.1342
0.0285779
4.4143
3.74513
4.66634
4.02661
2.34208
3.24746
3.80334
0.693523
3.22819
1.32633
4.88898
3.27017
2.22212
0.760345
2.40135
0.283694
2.20777
4.74673
1.09136
1.5491
3.89594
1.42491
4.42575
3.94989
2.04178
4.06272
3.18841
2.68746
2.3065
3.0315
0.429742
3.15566
4.46843
1.82051
0.81297
4.8592
0.582419
3.74429
1.45562
4.22609
3.29859
3.20358
3.10827
4.26421
2.13347
4.56154
4.72479
2.86487
1.89567
1.58845
1.28997
0.905376
0.942976
3.7136
3.95638
2.15602
0.211027
4.21467
0.377488
0.46913
0.92377
4.00593
1.15198
3.53055
2.23277
2.82585
3.44684
0.993398
3.7776
1.50946
0.446291
2.00801
4.64584
1.44245
4.10369
2.5267
3.29572
1.27349
1.02645
1.75189
4.67457
2.88389
1.9091
2.5326
4.81152
0.73874
2.97539
4.25476
2.90755
0.131101
3.31713
3.05136
4.92054
0.538459
1.22025
2.13938
1.25036
1.54742
3.18147
4.39764
3.01978
0.367568
3.87256
0.466097
4.85832
3.01731
3.24929
1.20947
3.36632
3.12453
4.42215
3.32851
2.49861
1.96854
1.57282
3.12129
3.20219
4.4174
4.38799
4.01724
0.989789
4.90182
2.25651
0.836004
4.12697
4.25985
2.9692
3.47092
2.37265
3.93274
4.7792
1.92132
3.95914
1.02789
1.69837
4.31498
1.57041
3.16374
4.58731
4.70731
0.936749
0.849344
4.58808
0.101238
4.01386
1.78298
3.62823
2.47515
4.62094
4.42111
4.6057
2.60631
1.24613
3.20039
0.973455
0.391851
0.712052
3.44292
1.59728
3.78009
0.566369
1.26472
2.23366
3.67657
1.93104
3.62511
2.963
1.683
2.72318
3.2223
3.52841
4.49931
4.27145
4.66275
4.26916
3.65284
2.29024
3.15973
4.63044
2.86843
2.57411
1.38657
0.21976
4.32243
4.88406
0.462454
4.72108
3.29413
3.98688
1.75982
2.29185
0.322504
3.39407
0.559189
4.51187
0.272356
0.332739
3.60266
1.86244
4.35633
2.41395
3.93044
0.210008
3.07718
3.33585
2.73741
0.33753
4.86027
4.31814
3.01796
1.91273
3.68655
4.05316
3.99976
3.91245
2.99901
0.081946
0.277381
3.36425
2.31165
0.215048
4.01862
0.3743
3.67694
3.77425
1.84329
4.84033
0.0318424
1.03255
2.16434
3.61586
3.41658
4.21477
4.81468
2.18762
2.79068
4.13843
1.23711
3.31105
2.31349
4.86266
4.9503
1.50167
2.70435
3.53131
3.3178
0.554053
0.334227
4.12694
1.74211
0.751256
2.82201
4.96966
1.0682
3.50371
4.03401
2.05623
3.7385
4.74261
4.2107
3.63437
4.35174
0.702115
2.30324
2.1794
0.239909
3.05883
2.10661
4.01482
4.45446
4.80422
1.99514
4.88569
4.79379
3.50686
3.37571
0.0128565
3.01716
2.53485
0.994837
1.63758
1.93543
4.26228
2.61452
2.60877
0.238723
1.73547
2.54476
1.10585
0.231241
2.08955
3.69496
0.812861
3.65848
1.07357
4.23647
0.488836
1.58061
0.575707
3.46261
4.79369
1.22907
2.93833
1.39564
2.03651
1.14231
4.53638
4.03682
1.18271
3.20634
3.55068
0.327893
0.918399
3.91731
2.77028
3.63755
0.648586
1.77014
3.69081
2.53491
4.52794
4.80451
1.01535
2.64569
2.43396
0.925407
2.78257
1.97007
3.3368
2.99029
2.19956
1.04773
4.66886
4.98934
1.88475
1.07406
1.68088
2.05888
3.7304
3.23509
3.54875
3.66594
3.4122
4.31333
3.81094
1.40065
0.22182
3.25104
1.9597
1.13744
2.22112
4.84172
4.80762
4.8207
1.68461
0.896701
4.34769
4.06186
2.28459
2.35239
2.11144
0.520503
4.307
1.27084
3.4865
4.10027
1.02195
4.07917
3.66975
4.63828
0.986831
3.60824
4.41933
4.74956
1.4315
0.274099
0.977796
1.85211
4.82779
0.781573
2.84676
3.43058
0.742185
4.18074
4.50207
1.64055
2.59634
4.93414
2.7924
2.51198
2.15278
4.70622
1.47263
0.392463
3.23259
4.1778
0.314663
1.58232
1.59186
1.78334
0.0502988
0.676898
0.419321
4.69613
3.82749
2.65062
2.89285
1.85766
3.13302
4.51091
0.857887
2.81041
0.891988
4.41169
2.97005
0.0318667
1.55099
0.194794
1.38026
1.42222
4.45026
3.52324
0.430141
1.05472
1.43716
3.74481
1.42793
0.593555
1.28257
0.555458
2.82147
1.72009
1.808
1.05036
1.17976
0.736691
1.94549
2.66381
0.0677494
2.30675
3.51024
4.75696
0.32831
1.67434
1.21
3.93565
3.58219
0.927562
1.6897
4.84529
4.79745
1.43314
3.04151
3.00799
1.70192
0.834581
2.57287
1.08748
4.10968
1.76301
4.61813
0.696931
1.72956
3.9092
2.57422
4.5203
0.733781
1.15433
1.10144
4.62344
1.41672
0.276898
1.9775
0.101444
1.80283
3.0702
3.63552
0.603969
1.02795
2.373
3.64189
1.15135
3.23892
4.16176
3.94198
0.628444
4.98417
1.48039
4.05401
2.74128
3.48665
1.42291
2.532
3.74694
0.641412
4.14223
2.61744
2.06713
1.01373
4.91008
0.327791
0.52112
1.25297
2.08904
2.92441
1.29058
3.14369
0.776028
0.0510536
1.87165
3.07418
3.90356
3.72796
2.01679
1.90288
4.30363
1.80807
0.818571
3.97426
0.515989
4.9443
4.2436
4.23257
0.200885
1.6583
2.35538
1.72952
2.23983
1.0935
1.85404
0.377205
0.127647
3.59913
0.28734
2.02918
4.6401
2.10778
2.69707
2.86199
3.67491
4.3305
2.54556
4.22393
0.59795
2.52256
1.38168
0.907896
3.41714
1.09949
4.38586
1.98475
1.28642
3.20452
1.87222
2.04868
2.10472
3.2338
4.64236
4.26328
1.22059
1.93713
2.04541
4.26862
0.623316
3.83013
3.63025
0.969194
4.92825
4.14404
3.74763
0.66531
4.61414
4.74095
1.75072
3.42629
1.30936
0.19193
1.69244
0.49374
3.40595
1.42256
1.51936
4.30882
2.41615
0.560314
2.38996
0.811471
1.75803
3.56821
0.856067
1.71176
2.07559
0.382778
1.68211
0.76283
1.35134
4.5302
0.605205
4.85438
1.23203
2.94581
1.7164
0.955119
3.21097
0.590516
2.73308
4.67318
3.28887
0.905486
2.03762
3.33157
4.84597
1.77164
1.01934
2.82248
1.29478
4.00466
2.86351
4.80046
2.39205
2.73942
1.71961
4.99614
2.04193
2.85019
0.890293
1.49793
0.293475
1.0288
4.82468
2.02252
0.454328
2.63796
1.34949
0.355665
3.3157
4.61282
0.582168
1.46558
0.977706
3.39044
0.259533
1.14823
0.70156
0.0866364
2.69163
2.31319
3.50267
0.772474
2.77121
3.31801
1.07211
2.33158
0.246262
2.27348
2.9381
4.88825
1.68132
3.17863
2.73129
4.26851
1.29206
1.95366
1.77626
2.79456
2.32339
0.557323
0.825915
3.57692
0.122453
4.67274
2.4897
4.57759
3.05383
2.72256
1.05954
4.70855
1.03572
1.30292
3.71206
4.53258
1.32939
3.81047
0.582246
2.1607
1.03079
3.32695
2.45473
2.20506
2.60716
4.27662
2.87745
2.58372
3.41699
3.92523
4.28021
3.04862
4.18754
0.839
1.94331
0.527321
2.23615
1.61446
4.56474
2.83556
2.38755
0.429395
1.50602
0.55701
2.99103
2.64764
3.58036
2.25278
2.79131
3.1852
1.65914
0.387542
2.02558
1.47061
2.1847
2.93651
1.56562
1.88079
2.58378
3.5412
0.225186
2.81304
1.05024
4.4318
3.70289
2.4558
4.86967
0.257845
4.98656
1.6621
2.86379
4.74142
2.98378
2.75517
0.802023
3.50663
4.82399
0.187168
3.91293
0.00427251
4.99024
3.71473
3.3708
3.02527
4.2062
0.0329531
4.90104
0.320007
0.397344
1.98865
2.65268
1.99964
0.83084
4.13238
0.789918
4.64841
3.83413
0.297387
2.56621
4.21259
1.51531
2.74032
3.46002
2.46097
3.10982
0.152098
1.67001
1.95146
3.4732
2.98045
3.8671
0.500535
2.65249
4.8898
4.10178
0.500309
2.88701
4.69046
1.60112
4.24665
3.829
4.78188
1.00441
2.12419
4.92527
4.68382
0.719347
3.32389
4.44946
0.798276
4.2523
4.93407
4.3533
2.38251
1.93711
3.08164
3.47149
3.19751
4.36525
3.40934
0.430009
0.883364
1.44792
1.05415
1.18317
4.70303
4.53468
2.58768
4.5736
1.59693
3.40875
4.19628
2.93655
0.864213
1.61737
0.418515
3.67207
1.80493
2.18588
4.59589
4.40469
0.322372
1.51513
1.99376
1.83229
1.86801
4.71134
4.80845
4.73846
4.38487
1.7624
1.19759
4.40874
4.1995
4.50561
1.99797
3.21585
4.1794
1.39149
4.41772
1.71027
2.28612
2.31173
2.21477
4.8972
0.469982
0.193639
1.66196
3.19062
0.467068
1.78966
2.57001
3.15351
2.83754
3.08334
2.60941
3.6946
0.0905394
1.44195
3.45886
4.53838
1.72434
0.914831
1.25941
0.282011
4.50337
3.70558
4.71215
2.48531
2.71638
1.03036
4.79776
2.35104
0.167128
3.12115
3.07498
1.00851
4.42308
1.46923
1.85823
1.38404
4.96659
3.79058
3.58158
2.75666
1.84277
4.09863
0.165712
4.23346
4.81792
3.60591
0.193017
4.7852
1.23326
0.164065
2.24827
2.69008
4.48818
4.87843
3.97617
1.30926
4.51414
0.358991
4.26079
4.39855
3.26344
1.77691
2.18222
1.5952
0.0162989
3.40837
0.794283
4.93109
3.45419
4.39187
3.04029
1.23705
2.87564
3.9833
3.98926
3.87757
1.72315
1.53729
1.2155
0.863006
4.25536
4.58324
3.0241
1.19807
2.68996
3.88426
0.24821
1.18279
1.6536
0.797287
4.3698
2.24597
2.1655
0.417447
2.58151
2.45933
4.44994
2.95376
1.06191
1.76673
0.740604
4.94622
2.95273
3.6509
3.22875
4.6662
4.57649
3.38319
4.96369
1.3307
0.665174
0.474724
4.99224
1.86942
4.1346
4.70294
1.32756
4.82938
4.71703
0.701581
4.94192
1.68036
0.457886
4.62018
3.74548
4.45404
4.52997
4.92009
4.42248
1.56392
2.28834
2.03897
1.36474
0.166032
3.21299
1.71684
1.47865
1.25723
0.542375
4.76485
4.19961
3.46329
1.40623
1.61573
0.68839
2.42475
4.21248
0.244794
4.36225
3.98788
3.27045
4.73946
2.46037
2.26309
4.29646
3.84805
4.54685
3.28139
3.65644
0.7008
3.67168
3.27047
0.3173
1.07653
1.95158
0.456052
4.62868
2.68235
4.92995
4.30539
2.11267
1.4657
4.75076
0.840627
1.54459
3.643
4.56394
0.54612
3.3906
4.51671
3.99147
1.53043
3.42927
0.122213
0.731563
2.90963
0.551408
3.95877
2.21195
3.38448
4.74854
1.84377
2.25512
0.473537
1.45345
0.752804
0.0570794
0.474014
2.77464
0.290361
4.37844
4.2153
1.14019
3.53556
0.111964
1.89396
0.618787
3.92421
4.54704
2.02372
2.2465
0.293666
2.18137
1.08323
2.21517
3.28192
2.59022
0.1427
1.16827
2.61075
1.18776
4.64234
4.63213
4.7401
1.17704
1.22778
4.45759
4.27386
3.68221
4.803
4.87892
4.1546
1.76389
2.86911
1.82415
3.28239
3.10998
1.69013
0.318987
3.57152
2.97694
1.95229
0.953867
0.445746
4.51038
2.54909
3.13513
3.09362
3.34146
4.69689
4.5481
2.31668
3.734
2.46289
0.849484
3.45145
2.69796
0.251546
2.24205
4.51006
0.995027
0.1634
1.81808
3.3138
2.31514
2.10125
4.50578
2.92352
1.69673
2.52942
2.11147
1.61184
1.30588
0.805454
4.71422
1.49986
0.0675743
3.65431
4.25143
0.853888
1.78662
1.20885
2.93026
2.01957
0.286351
4.84631
1.59549
2.40805
4.53755
1.72162
2.11735
2.22337
0.380085
3.78937
1.47608
1.87557
0.34606
3.18652
4.55898
3.29488
2.34403
3.52154
4.60538
3.40702
4.80858
4.18192
4.89934
2.08307
0.670082
0.694489
1.79994
1.0536
2.28592
3.38089
2.85892
2.0568
4.24586
1.26389
0.208737
4.00751
4.04088
2.8145
2.07018
4.0147
0.465119
4.29881
2.51548
3.5836
1.57571
1.40202
3.03612
0.802518
2.00226
3.9793
1.81708
3.8507
2.00547
2.85477
2.647
2.24931
4.13312
2.80186
4.3714
1.18037
1.02651
2.35855
3.90678
3.10343
4.99811
3.10431
1.32726
3.76558
3.22021
0.21639
2.01349
0.484512
1.64758
3.17766
0.249888
2.21349
2.01229
1.06834
2.75936
3.46604
0.183803
4.14625
0.523198
0.963531
4.15376
1.01559
2.26087
0.767025
1.73291
1.49932
4.4512
3.45482
0.995162
3.05958
1.9172
3.20488
2.42486
3.90908
1.5844
0.535599
0.733151
2.9649
2.06954
4.20268
0.400767
4.57456
0.154177
0.467097
1.86675
4.15412
0.267402
3.24666
3.30786
3.35333
4.60218
0.632749
0.225516
1.49119
0.584832
4.30227
3.21877
3.38626
1.60666
1.82842
4.30605
4.93256
0.0634525
0.288869
2.88917
3.49054
2.60228
1.16505
3.4422
4.125
2.64598
0.901518
4.00125
3.89148
0.0112293
3.97131
3.51804
4.72789
2.19165
3.56007
1.33339
0.306632
4.95721
0.457908
1.84086
3.84657
2.7672
4.7876
2.50008
1.54224
2.20064
2.11643
4.5905
1.55661
1.6963
1.81546
1.9477
3.31042
4.96157
0.449294
3.34288
0.347528
3.06066
2.53994
0.449571
4.25942
2.82481
0.0995734
3.16984
3.83698
4.55605
3.63914
3.25283
4.23369
2.03202
2.79117
1.11409
2.18088
0.473118
3.50221
0.919546
4.6524
3.9553
1.98778
3.77725
0.647739
0.721266
3.62211
1.60118
2.64498
3.88796
4.29589
0.119424
1.1725
2.17843
0.688057
4.18558
0.66438
1.13755
4.50806
3.33938
0.298929
4.14111
2.54224
3.50358
0.789722
3.53721
0.723308
0.0979409
0.12848
3.66601
3.88446
4.83451
4.51435
0.502284
3.75498
0.0370538
2.99729
2.04168
3.40466
2.07345
1.21359
1.8986
2.91269
2.88382
3.44036
1.22266
0.730029
2.03082
0.370683
2.03001
3.6175
3.82548
2.68757
3.93396
4.78622
0.0809231
4.53528
0.0253576
2.99644
3.11571
3.59411
4.83995
1.10496
4.29612
1.97386
0.516238
1.41795
4.44513
1.26125
3.55383
3.68456
1.83737
3.17809
3.10311
0.729789
4.56102
3.99369
4.08667
3.23466
4.23838
2.1823
2.32787
3.45914
3.58957
3.0716
1.56527
2.92309
0.187589
1.00715
2.1732
4.49719
3.70673
1.37139
4.83842
1.51581
0.827332
2.19245
3.42315
4.88612
2.52855
2.25007
1.20178
2.25779
2.90963
1.6937
4.14814
1.48899
0.683462
4.45935
4.566
3.72977
2.93195
3.26376
1.11446
0.0957176
3.9687
1.87324
3.98096
0.552976
0.281304
4.60194
3.50035
2.79297
2.10274
2.81151
1.61662
3.38435
3.44056
1.47523
4.81669
3.66244
3.83291
3.40417
4.7492
2.91046
1.03979
3.7329
1.08398
3.5231
3.60723
0.844606
3.20519
1.81185
1.80805
1.80837
3.60182
4.46128
2.02615
1.21423
0.783021
3.78032
0.430453
0.270365
1.66603
4.42023
0.234184
3.28603
2.43612
0.82668
0.236364
0.894903
3.11011
4.14851
3.29035
4.37932
1.27118
0.18831
4.11293
4.51867
3.35517
0.959455
4.50084
4.99765
4.02275
3.52251
3.66151
0.0335883
3.5331
4.13167
3.98597
2.74267
4.1616
3.21254
2.25875
0.174488
4.91542
0.980396
2.22223
4.37398
2.4117
0.887986
2.53012
2.57023
3.68263
3.21158
3.41272
3.13267
1.31463
4.67448
0.00871665
1.46194
2.58397
4.09564
0.284583
4.3326
2.7095
1.24371
3.8617
1.71183
1.49775
0.132882
0.0649671
2.30023
0.0109885
3.24264
1.80404
3.98063
0.92196
1.29564
2.8812
2.10917
0.810713
1.79578
1.62295
0.806767
0.4909
0.107691
4.51674
2.65172
4.94029
3.68884
4.73089
0.839361
0.951468
0.197899
3.81968
4.86209
4.60158
0.929022
4.81118
2.14224
3.30905
3.81416
0.573795
3.28297
2.94529
2.32191
1.96984
4.98467
0.421695
2.61106
2.42674
0.818531
3.79119
4.88112
3.27588
2.72609
0.652025
4.10773
3.80959
3.08968
2.84009
2.19399
2.29946
0.705096
4.62171
1.88749
2.82932
2.73524
3.9299
1.71374
3.64293
4.52342
1.65083
1.74535
3.23843
3.91989
0.695833
3.35311
4.90773
2.14887
0.496675
3.82781
0.623666
1.19508
1.11529
2.56533
1.35077
4.1951
4.14979
3.11354
1.26189
3.58869
4.46172
2.2568
2.48501
3.30306
3.25644
3.57112
0.813012
1.97325
4.2242
2.19644
2.61261
0.445666
3.88015
0.93217
4.68851
0.23156
3.01168
4.48557
1.88122
2.762
1.83325
1.55548
1.38022
0.817098
3.80351
1.25706
0.109621
2.33249
0.101347
1.26087
3.95474
2.06536
4.15905
4.02721
3.90826
2.97534
2.198
0.669022
1.52628
0.0901887
1.84627
2.45816
4.71028
4.41109
1.66595
3.12155
1.51769
3.1239
4.72855
2.95855
1.93787
4.69391
4.27641
4.341
0.231412
4.41456
2.88747
0.293105
3.29916
0.00767127
0.123134
4.01421
4.48119
3.66372
3.26491
4.42108
0.181923
4.45792
3.91809
2.34801
0.483728
3.00052
1.55861
2.04713
3.58443
4.729
2.83014
2.92575
2.57489
4.30384
4.7575
4.33383
4.83432
1.5218
4.6709
4.32686
4.7389
2.61214
0.480111
1.91093
2.10495
1.25404
1.24303
2.14751
4.57066
4.8343
0.602727
2.46208
2.84472
1.75366
3.9849
0.88553
3.94018
0.117932
1.01588
3.16587
0.301971
3.27067
2.21164
0.582045
3.47169
4.27324
2.13254
4.74949
4.47549
4.00703
1.39412
4.29802
4.26058
2.75733
2.70817
3.01188
2.03664
2.13255
2.40141
3.84959
1.96713
3.54267
3.3113
4.62794
1.30472
3.95342
2.83559
0.0213646
4.92729
3.6392
2.42493
2.28643
2.91404
4.85995
0.737691
4.26541
0.802941
2.98092
2.81518
4.58694
4.63422
1.58747
3.21483
2.82207
0.227914
3.9484
4.83673
4.92254
3.60242
4.00021
2.63586
0.326316
4.39269
3.7028
2.54439
3.26574
0.99638
3.81841
1.75446
3.95168
4.28227
0.0294787
3.25199
3.0447
0.986871
3.91032
1.8555
3.13037
1.14522
4.62714
2.92757
2.40173
0.772243
1.02824
3.79866
3.94714
4.92497
2.0731
2.01852
4.8413
3.15284
4.78308
0.923171
4.23532
0.778468
0.205191
3.00431
2.20121
3.69401
1.1964
2.50282
1.9299
2.02392
4.44823
0.887468
3.43697
4.61448
0.173639
3.79629
4.98595
2.36855
0.711511
1.67805
4.90106
4.98957
2.39177
0.801245
2.44162
2.32889
1.29901
3.82886
4.92433
3.20623
3.03353
4.66011
1.7058
0.0799252
0.822952
1.96871
3.24913
2.6691
4.98492
3.27959
0.0854212
3.75063
1.694
0.583753
3.67915
1.03428
4.23892
2.9203
1.06123
0.195784
2.00876
0.536737
0.963444
2.70373
3.34146
2.17584
4.34231
4.11438
1.19492
0.967633
3.92586
0.965682
3.16025
4.51911
3.11916
2.30147
1.74959
4.47243
4.90296
4.8587
4.99734
3.37488
0.23457
4.84764
4.4392
0.248977
4.55085
1.161
2.20074
1.07124
0.31834
2.62808
4.51191
3.44723
4.52738
3.85544
3.23306
2.55999
2.09358
0.997085
2.12445
0.224334
2.64815
3.05416
2.71024
4.47998
3.60708
4.88367
0.501372
1.75338
1.56461
1.6878
4.8161
0.0690968
0.823749
1.35514
0.51495
3.24496
2.93952
4.62456
2.97241
2.1933
2.06081
3.30711
4.24901
1.3615
3.59362
1.92209
2.00537
3.43513
2.95452
2.66885
2.45159
3.28285
4.17894
3.21734
2.8458
1.78178
1.22032
4.63946
0.191614
4.40145
1.49176
3.32287
1.78164
2.97299
3.7985
4.18201
1.62647
1.82442
2.91679
1.86618
3.80264
2.19245
2.0653
2.33196
1.12695
1.9491
1.26989
4.31818
3.47366
0.294964
2.52158
1.62506
4.75226
1.7044
2.19098
1.30221
1.24043
1.33456
1.70448
1.05324
1.01022
4.11486
2.54168
2.81009
2.16252
4.77227
2.39145
2.78892
4.86282
2.01787
4.51791
2.897
4.52197
3.58111
2.46406
1.93931
0.623968
0.973945
3.29721
3.65877
2.81276
1.22123
4.11023
1.72009
4.82313
3.51576
3.04952
2.74621
3.66894
1.60318
1.2146
2.37109
3.01882
0.7888
2.90885
3.36693
1.53761
1.42176
2.51773
3.87201
2.97401
3.13162
4.21989
4.27859
0.751595
4.07436
0.0938114
2.56157
4.00823
3.47652
3.54351
3.69606
4.96767
4.41568
3.42522
3.7264
4.77486
1.63538
2.91326
2.89547
3.12411
2.45607
3.23204
3.53251
2.31924
1.29011
3.17892
0.475542
1.30505
4.08866
0.04086
3.50016
3.62483
2.82504
3.09811
1.4575
2.63086
2.20469
0.721538
3.41067
2.78378
0.158217
4.10254
0.693384
4.45025
3.15083
1.1399
1.17988
4.89832
3.11236
3.79879
0.280275
0.0905333
0.381025
2.78629
3.58276
2.45513
1.9125
0.560151
4.30994
4.91241
2.07898
2.38585
1.85165
4.19364
3.38542
1.26189
3.88678
3.32416
0.60059
3.3826
0.238909
3.22695
1.65373
2.68771
0.510278
2.78919
2.24998
2.83205
4.48675
3.61398
1.61048
2.54886
1.90851
4.09428
4.76162
3.1966
4.5079
0.370502
2.50836
1.78251
2.15256
1.29391
2.10912
4.78791
0.525035
1.26409
2.78226
4.27694
4.54027
2.11208
3.93149
4.79965
4.06916
0.335864
0.684074
1.79771
3.21504
2.63608
3.24732
0.739221
4.27546
2.54542
3.71054
0.828883
3.0554
3.08268
4.45809
1.07628
2.01966
2.72605
1.85087
4.2916
2.69444
0.393872
4.9303
0.887823
2.33724
0.746183
2.90179
1.92285
2.00901
0.0323353
3.19735
4.75996
4.46045
0.16055
4.58818
4.60229
2.78794
2.34294
2.08451
3.27973
0.856023
3.52513
3.66085
1.31641
2.8053
2.25498
2.16108
3.84016
0.294936
2.69415
2.56888
4.14059
1.15359
1.93636
1.24839
2.38141
1.52681
2.66725
2.90917
0.91006
3.45097
2.35686
4.01776
4.73485
4.80806
2.53593
4.96288
2.82888
2.70658
2.90864
3.48399
3.16721
3.9651
1.80429
1.20337
4.54711
2.60067
1.70988
2.60631
2.43553
3.44443
3.86458
3.05639
4.19366
3.05799
1.84213
2.52034
3.96652
3.57506
4.26257
3.29388
4.37237
0.182014
3.0215
0.178019
3.23609
0.0693237
4.36167
3.3632
3.08993
2.82414
2.29413
4.90843
1.72845
0.349578
3.18
2.11961
2.634
2.63456
0.747642
3.3586
4.78909
2.33719
1.48324
0.267056
0.819689
0.149603
0.108202
2.04141
1.08414
1.90865
3.35107
0.252749
2.65852
2.09259
1.4793
4.66593
4.79528
3.76227
0.614762
3.88687
2.78923
0.384927
0.954797
3.55573
1.77195
0.71595
3.76747
3.38356
1.43013
4.78333
0.283338
0.0100735
0.838962
2.56328
1.76537
2.90904
3.49986
3.325
4.48956
4.22597
4.49
3.04897
2.33932
0.690989
2.80134
3.38986
2.38938
1.55741
4.79205
0.95609
2.73677
1.68499
2.50078
1.09348
0.0636579
0.715984
2.50991
4.2605
4.49047
0.364279
3.7626
0.735534
1.4416
3.04149
2.44594
2.01279
3.66315
4.45935
3.11591
0.460812
1.98205
4.43681
3.36522
0.502799
0.0250015
4.59255
0.967212
4.09269
4.433
4.27513
2.18896
1.47393
4.93024
2.61936
2.28302
4.46128
4.91051
3.67073
3.56004
1.09949
2.78354
4.26903
2.54122
4.74167
2.53108
2.87158
4.44713
4.5283
2.3442
3.05157
3.34516
4.96933
4.13959
3.18213
1.21121
3.82826
2.59221
4.71967
1.00038
1.96631
2.2358
1.27454
4.61336
2.29054
2.1156
0.817526
4.87537
1.99112
0.330823
1.55018
4.25891
4.50547
1.98108
0.0186336
4.38731
1.40151
2.02431
4.93745
0.965502
2.88259
3.32661
2.89528
1.52719
4.46725
4.97956
4.30495
2.59689
4.70781
0.120174
3.41582
3.05698
1.5823
1.81361
4.72143
0.219901
4.69134
3.14527
3.33822
0.156361
2.40348
1.51227
1.60731
3.6683
3.65658
4.83146
3.9883
2.46658
0.923828
2.23048
4.04574
4.84611
1.47832
4.44378
4.11326
0.804951
0.364718
4.50434
1.78106
3.75187
2.47725
3.66855
3.73811
0.31348
1.12789
0.696651
4.40619
4.45004
0.103386
0.292237
2.07751
4.20759
1.5584
4.07352
0.794641
3.9425
2.61139
0.143517
0.898476
1.32614
4.33761
4.10986
1.8946
0.000491925
0.554002
4.39125
1.35854
2.31129
4.32963
2.81511
1.87235
2.61654
3.69258
1.52331
3.95568
3.14791
4.46515
4.60771
4.44043
4.69815
3.55138
2.45306
0.604966
0.861075
3.03734
4.98157
3.67707
2.42099
4.43803
4.80413
3.70849
1.71191
2.24308
2.28108
0.476263
4.56937
4.54241
3.49097
1.98672
0.890134
2.63812
2.34316
0.282832
1.9981
0.706192
2.3393
1.23564
1.87658
4.3386
1.736
3.68148
3.02716
0.302927
1.3507
2.31947
3.53707
1.78781
3.57885
1.53461
1.16245
2.22532
1.43805
1.63653
0.773939
4.32817
1.01214
2.03525
4.37623
2.97009
2.67193
1.04266
0.0806338
1.1214
2.36621
4.58465
2.40527
3.20939
4.5897
0.258017
3.74638
4.69937
4.60479
4.83558
3.44308
2.20264
4.97331
1.63508
2.48674
0.608073
0.759407
4.49199
1.42839
4.909
4.77636
4.50086
2.17685
4.67312
1.89237
3.74819
2.45842
1.46225
0.189144
2.92488
3.7382
3.3175
1.84257
3.2098
0.74054
3.94958
4.36954
2.13969
1.62306
4.74874
4.57377
2.01943
0.544346
0.828734
4.39558
4.24045
4.7273
3.19684
0.0710078
2.08981
1.35168
4.82931
1.98387
4.40597
3.99223
2.04494
0.818758
4.87954
3.04761
4.03335
0.184942
4.57214
3.13127
0.33673
1.16902
4.78219
0.682827
1.66994
2.17891
4.62039
0.190795
4.20697
2.90799
4.31291
1.53586
0.249639
1.30304
0.152724
1.48061
2.9184
3.77837
1.41253
4.07267
2.63011
3.74497
2.44808
2.67049
0.209301
3.27716
0.825935
0.216904
3.98723
2.21599
2.93113
3.59998
1.53704
1.88153
1.29244
1.27612
2.85175
2.80639
4.3278
4.18413
4.4489
0.959183
4.43089
1.03441
3.73409
1.36847
0.418537
2.46352
2.44549
3.96421
2.78405
2.99942
0.260625
1.32941
4.66602
1.53749
4.99909
0.584862
0.15001
1.89933
2.52972
4.36334
2.10845
1.64097
0.0472549
0.20826
0.708933
2.98446
4.16171
2.179
3.96503
3.09206
4.56194
1.84453
2.047
1.477
0.0821666
2.9246
2.45685
4.5963
0.0373814
0.708165
1.42956
2.26669
2.94603
1.46688
4.37177
1.53648
1.9366
4.39528
4.4092
4.88824
1.30813
0.0326264
2.65172
1.02228
3.74607
3.0915
4.47357
0.756828
3.79271
2.5275
1.21991
2.16316
4.22122
4.32977
3.64814
3.66624
1.57364
0.98706
1.2674
3.68683
0.404929
3.82419
0.859684
2.49654
1.26145
4.06611
1.7126
4.88195
3.36624
0.702531
0.301849
2.74066
4.91439
0.0394189
0.703589
1.21521
0.526796
2.20391
4.07929
1.75154
1.3683
4.00204
0.998945
3.81048
4.9848
3.67316
3.19251
3.99301
2.19809
4.59666
4.35152
4.68965
0.141932
0.405369
1.52643
1.86449
3.25269
0.967729
1.45482
4.79352
3.48356
0.852436
0.607257
1.40629
4.91538
0.691705
0.678186
0.782547
2.79599
4.10799
1.57241
3.40804
4.51724
4.2087
0.00832845
2.04157
0.258881
3.67041
2.00614
2.1372
2.60728
3.73128
0.472015
2.53218
3.70499
0.720952
1.03449
2.90462
2.39522
3.44608
1.32478
3.1608
3.57973
2.5228
4.0154
0.643894
2.28131
0.165777
3.67319
0.361492
2.12663
0.114505
3.78881
0.187386
0.455768
4.68012
0.0642914
4.06713
2.54822
3.63557
2.20971
2.32768
1.37644
1.4117
1.50509
3.12879
2.54435
2.77222
2.62147
1.30774
0.000474927
2.19647
2.45983
1.77559
3.18745
0.966178
1.92484
1.37972
2.45518
4.83504
1.18802
0.0919722
0.609303
0.916411
1.07907
2.71974
1.88803
4.40701
4.61763
0.336426
2.73653
0.126895
0.771795
1.41818
4.7466
2.18163
1.90949
4.4208
3.54657
4.46639
1.21486
4.46722
4.78401
3.55329
2.76637
1.06494
0.258396
1.55287
2.79816
3.18717
3.06597
0.220885
1.99415
1.2112
4.16299
0.364834
0.87445
4.82311
4.13091
1.25958
1.99312
1.3538
0.892806
3.67467
0.859328
4.81907
0.401915
3.98341
2.92148
0.179077
4.48675
1.55298
0.888433
0.905829
2.37398
4.65723
3.36068
4.59008
2.23631
3.40559
3.6051
4.50851
1.54733
3.53087
4.73667
2.93989
4.14148
1.32279
3.22075
0.979116
2.61413
0.361491
4.98574
3.80422
3.92788
1.69163
4.10336
4.60582
2.15943
2.01588
2.5998
4.84661
1.53114
2.78854
2.133
3.0766
1.50656
4.37849
1.67457
1.84692
3.05458
4.05021
0.61816
4.09916
3.22606
0.530982
3.36496
4.42064
0.449167
3.06708
0.254644
4.5618
1.8738
1.44742
4.70675
3.39748
0.546503
3.12566
2.82964
3.56209
4.58748
3.58768
2.17008
0.702672
1.35158
2.5049
0.613186
4.32243
0.461766
2.70229
1.54802
0.0665516
4.44705
2.66506
2.91741
2.35739
2.45782
1.9731
2.30141
3.60828
4.44416
2.93871
4.28609
3.26149
3.09202
0.650947
3.49667
3.56211
3.19143
4.46548
3.66941
0.0611719
3.34112
3.94808
3.92025
4.60816
3.96144
1.69787
3.07867
0.711749
4.27919
0.62335
2.00293
2.55824
4.80228
1.26926
2.84807
3.9565
1.77368
0.960858
2.31759
4.67772
2.7682
4.4513
3.38123
0.963203
0.589607
2.65891
4.40479
1.26076
4.7443
4.65373
1.16242
1.09529
2.0764
3.19173
1.51106
3.14425
4.56462
2.56642
0.579805
3.59348
0.276813
1.7154
1.85764
2.87861
1.37018
0.831398
0.81866
2.893
1.997
4.46948
4.99571
3.24071
1.2095
1.50501
2.76793
3.11364
3.74298
3.13789
3.42992
4.60259
2.47987
3.67322
3.28861
0.134663
3.1554
3.34124
4.8926
4.30005
4.8419
2.5323
0.977893
1.71688
3.1406
2.5661
1.73125
4.18097
3.09593
0.481768
3.8545
3.97936
2.10199
0.625938
3.2857
0.155397
0.536194
4.45227
2.23424
2.64301
2.45434
3.24797
2.49293
4.59485
2.54948
1.49213
3.10854
1.03948
1.64399
3.50435
1.62777
4.78825
3.5585
1.09948
2.09338
3.61897
0.969344
4.20231
2.96583
0.121262
1.08904
2.98048
2.41729
0.0942145
3.14712
4.88061
0.901794
3.82901
4.78398
1.21035
4.92779
1.85666
2.95937
1.76484
2.40503
4.00968
0.770252
0.783053
3.92422
3.16742
4.05895
0.64735
2.10964
4.37609
2.55545
1.0342
4.37597
3.03902
3.48104
4.53757
3.47586
1.38812
3.52591
1.07537
3.54893
4.67639
0.622831
1.41468
3.94589
2.85884
0.432532
1.41057
4.88876
3.00483
2.22632
4.08193
1.98445
2.20189
3.4552
1.6017
3.7779
1.54093
0.566897
0.608696
0.446222
2.78658
3.58643
0.0754262
1.50528
0.498763
3.85493
2.0832
2.73797
3.87309
4.79636
2.17491
0.0700491
2.46596
4.2464
4.1656
3.24953
1.56099
3.71582
3.9776
4.28996
2.51525
1.19995
0.628484
1.25832
2.3962
3.62948
4.89702
0.364795
4.17693
4.48791
4.40459
2.79141
4.08453
4.65795
1.38003
4.11099
2.68642
0.892271
4.04635
0.940512
0.254665
0.969848
2.43133
0.0571781
4.38302
3.21905
1.66907
4.42823
1.99812
2.86818
2.15225
2.51132
1.02964
4.00552
4.14963
2.76145
0.184364
1.11466
3.54203
2.06054
3.122
3.46882
4.52174
2.11073
2.85048
2.154
4.84316
2.66909
3.08108
0.423779
1.24136
0.39332
4.2117
2.04733
2.89706
4.85927
0.425613
2.02425
1.59293
3.16158
1.79902
0.0348309
1.82593
3.54418
4.80587
4.25229
3.35868
3.15006
3.71125
4.6371
3.53418
3.39898
2.25998
3.51683
0.311303
2.89114
1.12984
1.29224
1.0766
0.145523
1.34582
1.3822
3.60806
4.23355
2.76989
3.21771
0.559024
2.80895
2.25275
2.76843
1.07587
3.85453
1.70234
4.1996
0.826092
0.738324
2.24125
0.0475503
4.94537
0.0212057
3.26618
3.92575
2.31086
0.0782294
4.83317
1.72643
1.15491
0.749442
1.27537
4.75642
4.75909
1.04131
2.64726
0.542722
2.37676
4.79344
4.45251
4.50829
2.44227
0.658109
4.11254
1.58808
0.140974
0.714612
0.0567139
0.17416
3.63543
3.79708
3.66984
4.36334
3.98903
1.56207
3.4227
1.43439
3.9563
4.52805
2.3824
3.23044
1.4539
1.44092
1.9139
3.79317
3.64473
4.87944
0.174178
1.18737
0.181296
2.15643
3.57392
2.95018
0.482512
0.551202
3.01252
0.44455
4.71437
3.66814
1.30778
4.76475
2.68792
1.47604
3.95103
4.20759
2.15115
4.35254
2.28973
3.42129
4.4453
1.39236
3.90263
2.1706
1.55689
2.60722
2.07763
0.409577
1.25547
2.11098
1.34186
0.102314
3.74618
3.18033
0.0291932
4.69201
1.90679
4.68396
2.47173
4.40524
3.0539
0.38747
1.79879
2.17202
2.11716
0.732205
2.03445
4.88897
0.0174528
3.06063
0.121124
2.80381
3.00128
2.51468
0.798024
2.29438
4.93567
4.44244
4.86312
0.255286
2.28928
4.99589
2.52307
2.08586
3.03988
4.6969
2.89527
0.567892
1.75159
1.38768
4.24587
3.19857
4.03136
3.24144
4.36392
3.77036
4.03899
0.991677
3.89638
0.000992557
2.0957
0.840769
1.01363
4.45054
2.02616
0.728519
4.92714
4.75309
4.57719
0.996195
1.96649
0.540691
4.8918
0.507624
1.16888
4.69318
4.94411
4.77641
3.30991
3.79697
0.413415
2.16366
1.45742
4.24598
4.28391
3.18236
1.40387
3.35448
1.79743
0.117871
1.4616
3.38223
0.550929
1.46731
4.50019
3.52334
2.00494
2.09589
4.76805
3.83691
3.93266
4.50862
2.7022
4.45234
4.13322
3.26749
2.42779
4.42997
2.80778
3.83108
3.0556
0.447071
2.66081
2.4247
2.97156
1.28004
4.48228
0.991531
2.97428
2.24366
0.385226
4.03268
2.44605
0.0196338
2.8142
3.61904
0.18525
2.52876
1.48188
0.377361
0.251932
3.51805
3.84511
3.85374
3.15714
0.957556
2.45437
3.47463
0.693075
1.02922
2.28172
3.44005
2.65593
4.12867
3.5052
2.5024
3.24917
4.78617
4.36978
1.76273
1.56933
0.873545
4.65963
1.23349
1.52907
3.421
0.407301
1.99506
4.9036
2.84025
1.07943
1.44439
2.31262
0.991126
3.65514
4.48746
0.673835
3.26259
0.631624
1.51736
1.44521
2.89384
0.609412
1.56258
2.45535
3.93666
4.24895
0.826128
1.10336
1.3159
4.55169
3.88179
2.91257
2.48058
1.36974
4.2584
2.13528
1.29145
3.23679
3.62213
4.88329
4.37228
3.45794
2.1094
3.8091
1.21824
1.06085
2.88332
3.5985
4.42399
0.982947
2.43815
3.18008
2.46001
3.07116
0.111269
3.65459
0.954715
3.98105
1.8965
4.49082
2.26008
0.160608
0.543278
4.5049
4.6979
3.42656
2.45692
2.99067
3.90924
4.05004
4.58619
4.79608
1.71229
1.58737
3.84556
4.28701
1.86606
1.02264
0.251029
1.39146
0.192229
1.91745
2.32404
4.04779
1.74224
3.57776
4.98921
3.34319
3.20112
0.615417
0.930464
4.1774
2.15589
4.97528
1.15814
2.68145
0.0308691
3.10444
1.4172
2.80512
4.91587
1.79749
0.261629
2.21576
1.0393
0.0360797
3.77801
4.13307
0.750772
0.0946834
4.11821
0.379092
3.07477
2.24276
4.46759
2.25449
1.57862
4.54382
1.13583
4.03822
3.70786
0.912283
2.65191
0.0762945
2.1793
0.3746
3.28652
0.540095
0.487115
3.73934
2.8014
0.50671
4.90984
3.35091
2.28667
2.63992
4.56164
0.891465
3.27754
1.52457
3.02954
0.309369
3.3718
0.968059
4.38929
0.894834
4.43576
4.39812
0.405103
3.32939
3.46074
2.83725
0.898477
4.44588
4.62334
3.67092
2.55912
4.6404
1.19196
3.31015
3.06251
0.493846
3.18079
1.34267
0.39373
0.620783
0.359479
0.825649
4.31921
2.16452
0.176141
3.94686
2.51036
0.638683
3.88157
4.31742
1.96083
1.24456
0.575779
0.43179
0.411317
3.06607
1.86642
0.464451
4.22503
4.3579
2.72025
3.61505
3.79757
4.17813
0.370092
3.24047
0.601226
1.61736
0.864536
3.89759
2.24216
2.16682
1.92454
2.28367
0.797827
4.18511
4.22122
2.8629
3.05911
3.88798
2.699
4.82129
0.171443
3.22371
2.24526
0.49837
3.37101
2.64066
3.17771
3.43653
4.90008
3.78114
1.75187
2.31619
2.9683
3.3938
4.84468
3.25633
4.19781
3.66957
4.24415
2.50819
4.65774
3.28773
4.05138
3.64961
1.95516
3.43594
1.14449
4.58413
1.59685
2.89475
1.10252
1.50742
0.855004
4.44483
4.83594
2.40308
4.6817
0.180365
3.63921
1.25365
1.59968
0.934131
3.358
3.53469
3.94418
1.74028
0.73957
4.34083
4.41877
0.590514
1.75356
0.100009
4.1354
1.53567
1.67786
3.05058
2.39547
2.0624
1.68505
2.8383
0.192236
0.234686
2.14973
2.86803
0.0374756
3.96576
4.9667
0.810672
2.38225
2.23541
0.777194
1.71827
1.26743
3.5312
2.06696
3.76746
1.08228
0.612166
1.63913
4.33415
1.37745
0.928922
1.31091
4.58096
0.701677
2.23228
3.41819
1.07017
0.245064
3.89849
0.105622
4.96947
3.27584
1.66757
0.867335
3.6858
2.80164
2.61231
4.4977
3.50166
0.997829
2.78816
2.79849
3.11069
0.736315
2.52253
2.17872
1.28154
1.51256
3.06197
3.14533
1.96953
4.11264
2.89067
2.42231
4.84656
4.35405
2.79305
1.24576
2.99204
0.211224
0.904766
3.59442
3.62371
3.68393
0.332149
3.06178
0.772157
2.68819
3.55499
1.4549
0.331213
4.72501
0.510718
4.04319
3.08783
4.15882
4.22389
1.18967
3.8423
3.48873
0.263227
4.81896
2.25035
0.229766
0.344763
1.47703
4.71108
3.29565
4.8829
1.07893
3.82648
1.66449
4.73126
4.24123
1.14643
0.116497
1.51432
0.669079
1.94254
4.04372
2.0687
1.58244
1.96951
3.9054
4.05427
0.393706
4.01887
0.759168
1.16868
2.47472
1.50238
0.188379
3.61919
2.97002
1.87943
1.14868
4.12984
3.28239
1.11673
3.95054
1.13656
3.78271
3.07491
1.44216
0.803115
1.7419
1.31704
2.14187
4.10979
3.35635
4.85517
0.290702
4.12084
4.43789
3.89567
4.66218
0.633453
4.21297
3.63505
3.16397
4.65832
2.70552
3.29983
2.84002
3.71923
2.32947
4.59794
2.17793
0.4714
4.10969
3.17835
0.427738
4.03365
2.73253
1.76906
4.95698
0.00938156
0.986194
2.2453
2.35704
4.43087
3.68338
1.21815
2.91672
4.92039
1.95778
4.48445
2.59254
3.93974
2.13406
1.29049
0.506918
1.98774
3.32641
3.6209
3.45438
4.02217
1.30155
2.12036
0.99442
4.66841
2.97015
1.85399
3.10551
1.82234
4.71146
0.00322401
4.25698
0.721879
4.24416
3.99999
0.51114
1.4563
3.93772
0.958743
2.73594
3.90905
2.65016
4.51584
3.97904
4.56193
1.92761
0.478095
1.95279
2.25532
1.41551
1.24392
3.29472
4.11119
1.80322
4.4184
1.20277
4.14495
4.43553
1.95292
1.83237
3.61712
0.353831
3.79982
4.9355
3.47408
2.1269
0.292683
1.15905
0.256131
2.48738
3.75307
3.66641
4.26565
2.76313
4.36338
2.80647
3.11355
3.23214
0.423046
0.422598
2.16666
0.734863
1.93871
3.17887
4.54359
0.969241
3.31903
3.78298
0.696589
3.76446
2.0001
0.603276
1.1613
1.37116
3.99505
4.67526
3.24732
3.98102
3.89845
2.39381
0.495784
4.3253
0.617624
4.40528
0.560544
1.09857
2.41675
0.683703
1.20333
2.49299
2.81636
2.32854
3.58935
2.19644
4.30027
1.0759
0.722919
1.56309
1.89133
4.23106
0.273689
4.70797
3.72944
4.06916
1.50099
1.93318
3.50317
2.1576
4.62513
1.78948
1.98589
4.26094
1.81001
4.57982
3.85049
3.20062
3.24153
2.29253
0.866526
1.60828
0.134031
3.16982
2.61653
3.36008
2.61948
2.80726
4.21592
0.329785
3.74024
0.173449
3.8237
3.00695
3.32508
4.35937
1.32505
1.19195
1.93549
0.484873
0.432067
2.37685
1.75891
0.904529
4.82018
4.76738
0.59915
1.33007
3.34743
3.18191
0.883882
2.35803
3.39917
0.575908
4.43746
1.96567
3.21414
4.29374
4.99226
4.37548
2.63826
1.33303
0.917755
0.19074
4.42551
1.50719
4.90205
0.780196
3.33279
0.543791
3.07108
1.59386
2.80768
1.29486
1.13595
2.44679
0.548741
2.2411
2.16026
2.06458
4.83389
4.69761
1.13118
3.01124
4.45181
3.63346
4.76391
0.728676
2.83041
3.71722
4.25251
2.80461
0.0399713
0.838982
2.09726
1.87853
4.34743
4.53296
3.18825
3.87248
1.65606
1.81098
3.13103
2.59332
0.135751
0.125196
1.98956
1.46176
1.03852
2.57636
4.28838
1.25165
1.18381
0.342456
1.20321
1.15463
2.64514
3.90076
3.92237
3.9393
4.75494
3.12844
3.58222
4.68438
0.38643
0.306973
4.10753
0.956418
3.76953
2.21374
2.30824
2.92186
4.96423
3.52785
0.589009
0.0518559
1.39876
1.25908
4.17678
3.15143
1.00251
1.32798
4.21108
2.35461
1.17985
1.80757
2.04752
2.98494
3.2646
2.33679
2.67904
3.0554
1.91128
0.843198
4.49678
0.518475
4.22351
3.78099
4.2588
4.3032
4.83016
0.96597
3.72454
4.442
3.2624
3.48742
2.65478
4.92776
3.18815
1.75797
0.386186
0.467353
0.226392
0.789696
1.06186
3.88347
1.31896
0.170083
0.0826181
4.45317
2.15101
2.15009
2.12228
1.32297
2.56084
0.218135
3.049
0.00173969
2.765
3.92435
4.66294
1.62328
3.08023
0.878442
0.133652
2.48003
2.31396
2.89258
4.97494
1.1118
3.29749
2.68277
4.97386
4.91048
2.93503
3.63134
2.99165
4.03863
4.10855
0.206627
0.856201
2.07099
3.35926
0.804664
3.80435
1.55532
1.10967
4.73884
0.494952
2.85379
0.98506
4.83979
2.31494
1.78993
4.0362
1.42784
0.0199395
4.19024
3.2889
1.40593
2.33395
4.45608
3.39415
3.66595
1.76263
3.88236
3.50177
1.62785
2.55766
0.264156
1.10491
3.6554
0.459854
4.7056
2.51988
0.13145
0.533796
0.295416
2.71081
4.24086
0.742093
0.176443
2.13099
4.59933
2.42306
2.67876
1.31568
2.62581
4.57533
3.69026
3.87925
4.07967
4.63813
2.62951
0.392349
3.51317
2.95399
0.477189
4.64554
0.783431
1.69776
0.16571
2.84791
1.74256
1.12755
2.41121
1.45811
1.72069
0.733708
1.28841
1.43811
3.52348
1.45548
4.43417
0.417202
4.82807
0.0626508
1.82633
3.5029
1.26359
0.267023
3.7876
3.3442
0.743428
4.56923
2.32717
1.22903
1.69314
2.61013
0.488732
0.743464
4.3428
1.37311
4.95851
1.62528
1.85051
0.847226
4.47766
4.92826
3.18928
2.24421
4.05927
1.24555
1.46139
3.4785
4.06123
3.66499
1.1491
1.70478
3.87319
3.71975
2.9701
4.73428
4.72758
1.12794
0.781598
0.0455492
2.39664
1.6314
4.6379
1.55159
3.42701
1.73486
3.78506
1.36215
4.9251
2.98777
4.18484
2.00166
1.5774
2.11814
3.62615
4.59649
2.3276
2.12096
3.45221
2.41864
1.34698
0.149161
0.876501
0.0802483
2.36253
2.77471
4.38046
4.13786
0.699446
1.53631
2.37111
2.83766
2.9362
0.138903
2.11839
4.32681
1.71371
1.50183
4.69123
2.34746
2.49863
0.749071
2.41069
1.8291
2.54371
3.06329
4.05253
0.603368
4.41784
2.67316
4.49191
3.89185
0.810102
3.85129
4.89155
1.04589
0.415309
3.61131
3.52567
2.579
0.313757
4.04931
0.527095
4.34235
3.88157
0.994625
0.0673474
1.46099
4.96208
0.52783
2.80634
2.35073
4.78752
1.10693
3.50786
4.80974
2.76686
1.87839
2.86086
0.620106
4.37099
2.78248
3.11658
1.84559
3.53697
1.1652
1.04117
1.21945
2.35733
0.805332
4.76305
4.17157
4.51273
0.368425
4.07244
3.08698
4.24283
3.27819
0.981771
1.10718
2.54224
0.830232
0.829313
3.80334
1.36147
4.09302
0.401074
2.31333
1.56272
0.958023
1.66309
4.76159
2.92394
2.76009
0.714625
3.37094
2.6532
0.526415
3.53535
0.613397
3.55935
2.78236
2.41657
3.69839
3.3727
3.80615
0.467852
1.33094
1.96603
3.27747
1.71367
2.58278
0.776711
3.06313
3.59266
0.175211
4.58665
2.02471
2.40397
4.7076
1.87036
0.785981
1.03307
0.759657
4.72733
3.10409
4.54811
4.96365
3.0496
1.00454
4.76332
1.6161
4.75562
4.05939
4.45191
1.53728
3.46542
0.972028
3.57797
2.28196
3.40739
0.173699
2.84485
3.24305
2.71994
2.85506
4.97652
4.86628
2.70835
3.65614
1.94401
4.85085
1.71342
1.29723
3.1602
3.77522
3.17818
1.53536
4.85398
0.698145
4.6043
0.942241
1.958
2.89505
3.30724
1.14282
2.51277
0.289371
3.91552
1.18288
1.07848
0.059338
3.03488
3.10994
4.5991
0.360073
2.54571
0.955636
4.84439
3.11271
0.610256
0.415987
1.21014
4.60623
1.92219
4.0944
0.620963
1.38974
0.863351
4.2906
1.73431
2.38717
1.30034
2.84574
3.43138
0.715606
0.882199
1.96157
0.359942
1.37048
1.25338
1.53536
2.85646
4.7724
1.7533
4.74892
3.16947
2.77496
1.99686
2.44809
4.11717
0.221436
4.77816
1.69849
1.65457
3.73037
1.34885
0.219967
4.19203
1.74042
2.02762
3.2808
3.50732
1.38117
0.625184
1.81846
2.02238
4.51843
1.25426
1.70587
2.73471
2.01389
0.314493
1.75725
4.33356
1.48466
0.18611
0.536144
0.443695
4.81539
4.47678
0.599402
0.7761
1.62147
0.27602
0.507499
0.315462
2.34113
3.87057
0.992566
2.61539
4.16233
4.96603
0.5146
0.838639
3.56987
3.7112
0.870216
0.568392
0.229756
1.59119
4.60757
4.18537
0.976627
3.03287
4.23976
0.859931
1.83628
0.459551
4.30028
0.547789
1.42162
3.63587
0.564068
4.80274
3.10705
4.85924
0.318869
2.38947
4.14523
2.8742
0.563899
2.52456
4.23639
3.28778
3.63304
4.18348
4.06686
4.51269
1.54112
2.49184
1.82149
0.557965
4.03745
4.28034
4.35949
4.76439
0.740589
1.40037
4.89613
3.4067
0.246339
2.81663
0.160995
0.205508
3.61523
1.23208
0.767776
0.969015
0.0870861
1.84204
1.66964
3.10528
1.37199
1.99355
1.45302
0.0377025
1.97102
1.32603
2.34544
1.09841
1.85359
2.36951
3.49969
2.10465
4.22752
0.782356
4.32661
3.31297
3.14774
4.13364
3.31892
1.24943
2.28335
4.3162
2.92882
3.73987
3.49314
1.30157
3.30289
3.50782
0.925568
0.302877
1.80727
3.45025
4.10513
2.64253
4.4125
2.16655
4.47983
4.93631
4.98551
4.6867
4.16338
0.644197
1.59059
3.9246
0.56787
0.447219
3.11492
1.62549
2.0906
1.07287
1.19795
4.0362
0.71306
2.80405
2.62488
3.32352
0.67295
0.722481
2.45013
4.50489
2.37685
3.98275
3.19212
3.29505
3.85843
0.332144
0.26825
2.05539
3.53582
3.29676
4.26968
4.90916
1.30453
4.69655
4.3726
4.44799
0.121267
3.99589
4.35212
3.98688
1.72533
1.6972
2.21754
3.78165
1.29731
1.18194
4.81788
1.67841
0.0461448
1.8309
2.75389
1.91406
3.53956
1.35303
2.21044
1.6789
0.103347
2.61874
4.68765
1.04437
3.00159
0.400279
2.35691
3.35504
2.02399
1.18572
3.01725
3.89103
2.33442
4.48004
3.02536
1.45876
3.66369
1.46063
1.41457
2.78533
2.77976
1.03127
4.42302
3.19803
1.23989
4.83954
3.81361
0.125194
3.29359
0.540576
0.577498
0.976812
0.709051
1.22523
0.1863
1.64459
1.00065
1.93544
0.302037
0.816932
2.72557
1.38351
3.89767
0.831644
3.22084
2.02065
4.05949
2.79015
1.77317
4.09992
1.57695
4.73269
1.69353
3.67143
1.424
3.68149
2.75871
4.87355
4.39939
3.23984
2.64657
0.799582
4.97787
2.94826
3.92193
0.888071
1.93766
1.40182
4.86537
2.66677
1.5593
4.61495
3.33549
4.14111
1.86751
0.256786
2.56036
2.44275
1.79887
3.1661
2.65103
4.60709
4.90991
1.28133
0.7123
3.21601
3.92059
0.994056
3.93029
2.26104
3.33563
2.58633
0.856822
4.99881
1.8203
1.89123
2.00141
3.74184
0.692524
3.12844
4.26528
2.41158
0.680137
4.49629
1.90128
3.8211
1.19732
2.02204
4.65012
2.77256
3.22445
4.64287
2.17575
4.82698
3.18249
3.36675
2.02657
3.4481
2.92438
0.246431
3.91067
1.32882
2.23333
2.54581
2.39511
1.42236
3.61937
0.480585
0.108689
1.36165
2.79829
4.14612
4.29533
0.256248
0.960864
4.06573
0.920335
1.20962
2.26036
2.96065
1.85262
3.91843
0.427824
1.20422
0.83724
0.58306
3.19065
2.34281
3.5792
4.53947
3.62641
2.19402
3.5803
0.485201
0.399966
4.47935
4.59403
3.95772
1.72035
3.63268
4.68789
3.17803
4.04648
3.38167
0.490673
2.98926
2.83144
0.175517
4.90245
4.13775
4.81975
2.39941
2.83752
4.42089
2.17935
4.80861
4.37791
4.10112
0.324485
1.01621
0.949695
1.01048
0.444171
3.13861
0.707172
0.721938
3.98058
0.478572
1.34409
4.88206
1.04617
1.92401
2.46446
2.08153
4.08736
0.706187
2.80372
3.08019
1.85564
3.70086
3.42021
3.79753
4.10445
0.300033
1.79231
2.8234
1.2406
3.00547
3.97774
1.62204
0.813201
4.99832
1.70817
3.13274
0.0373617
0.641973
4.77553
4.60905
1.38206
1.21082
4.68679
3.19195
2.38311
3.725
4.43985
1.47009
2.65821
1.95856
4.31222
2.45968
4.67178
0.974666
2.11334
4.48007
3.07462
1.64991
4.72404
0.57219
1.42991
1.81129
3.58872
0.4378
2.30175
1.18563
2.8002
3.89495
4.70455
3.30415
2.51217
3.87981
4.79218
0.255304
0.285409
4.07787
2.69321
4.44734
3.39731
1.35746
4.73876
4.51972
4.79524
0.457955
1.99125
1.73738
0.519288
1.1174
2.66989
3.53907
1.02524
2.94904
4.30017
1.54958
3.32832
2.01534
1.46594
4.93697
0.0813687
0.26503
3.63584
1.58558
4.04302
2.94912
4.83826
0.145281
3.73348
3.99177
1.33813
4.92179
4.27473
1.37184
4.80008
0.177916
3.06713
0.150572
4.79708
3.99452
0.600907
2.19728
0.210308
3.18441
4.87769
2.50706
4.61168
2.35444
2.07012
3.81461
4.57087
2.51507
2.69776
1.17244
2.4518
3.92596
3.97742
0.414776
1.93153
0.634011
3.86753
2.44733
2.49151
2.53677
1.99228
0.620551
0.74905
4.05289
0.174878
2.96938
3.4476
2.3925
4.30128
0.582552
0.325918
4.4264
2.56775
0.603307
4.92146
4.26214
3.36152
3.78043
3.16214
4.53401
2.78336
3.84385
4.33736
1.95612
2.67454
4.96232
1.27886
4.29547
4.96961
3.78691
2.30755
1.66893
1.02241
3.23919
0.735623
1.30309
2.21049
2.55418
2.05559
3.27034
0.211815
2.82117
4.84348
0.808139
2.91333
3.47981
1.20037
3.49393
4.09734
0.67863
4.82697
0.996552
0.254686
1.72719
4.73125
4.85698
2.5928
0.375094
3.60887
0.584752
4.03706
0.419171
0.23867
4.06568
1.17803
1.30918
4.67139
0.180817
3.81619
3.81734
4.11075
2.67842
1.35518
0.791953
0.279565
1.64755
2.82581
1.6094
4.06341
4.15505
0.884788
0.0926069
4.48843
3.73941
0.104332
1.4414
0.911638
1.58248
2.48977
3.06172
1.78293
0.280519
0.9672
0.517823
3.61218
3.09363
0.680624
0.114522
1.74992
4.45895
1.58106
0.112705
0.719855
3.70462
2.55891
3.7229
3.66768
0.292381
1.89303
4.78718
3.40129
1.59307
3.36598
4.01866
2.25054
2.98855
0.402633
3.47425
2.44545
0.67815
4.35434
3.61967
4.61654
3.8674
2.99472
4.28175
4.435
4.74859
4.57666
2.02048
3.6428
1.35551
0.091812
4.01046
0.295869
3.35109
3.96603
1.89975
0.257729
4.62499
2.19527
3.49063
2.60966
4.49488
3.27329
1.68209
1.60697
4.50119
1.41513
4.64833
0.630338
4.27465
3.40605
4.6795
2.60274
4.04417
1.18774
3.52327
3.88869
0.422298
3.2145
1.40937
2.33777
3.31668
1.76542
4.71418
2.87892
2.68614
0.665273
4.60968
4.65718
2.74737
0.777057
1.49503
4.35735
4.9146
4.37186
1.99449
4.09114
4.21165
2.70086
1.82127
0.832165
4.32324
0.210236
4.80482
3.7315
4.19573
4.2502
2.54764
2.65744
0.887065
2.4278
4.22863
2.358
4.51862
0.0010204
3.2707
4.19431
0.274736
3.34217
0.438169
2.47524
4.3917
3.52695
4.52759
0.183728
1.17926
0.331238
1.13625
0.0607136
1.42155
2.11647
1.48567
2.04555
0.903022
1.93297
1.03446
4.61879
1.8216
3.42127
0.896137
0.380754
3.3511
0.93398
3.82321
0.998441
1.28925
4.75999
4.55292
3.91411
1.7497
3.44104
1.42704
3.03383
0.893246
2.14017
1.06319
1.06472
0.88111
2.37826
4.10728
4.98447
1.37505
2.15796
0.719262
1.87034
3.30662
0.759289
1.72824
2.07063
2.42477
2.12108
4.42196
2.70279
2.92621
1.04092
0.713327
3.77902
2.06146
3.74814
1.65114
4.6301
2.48987
3.99589
3.43268
3.68194
1.81491
2.71863
1.53033
0.60233
1.21137
2.53276
0.186401
1.05811
3.1127
2.45972
4.94898
1.08386
0.341807
2.91147
0.479051
1.2379
0.111156
4.3899
2.92108
2.60535
4.92825
4.23917
4.82552
0.993138
3.59219
0.0585373
4.2809
1.22263
0.869909
1.02755
1.75275
1.78604
1.19374
2.07669
0.0883727
4.24489
2.37446
1.45428
1.44741
4.67991
1.11375
4.08521
0.185403
0.0560372
4.89845
1.09322
2.01384
4.18473
4.63187
4.27469
1.59609
1.22009
4.87031
2.24246
0.370103
4.42245
1.52429
2.82083
1.59034
3.15596
2.83226
1.55921
2.69941
4.61325
0.520276
2.08907
3.505
1.99666
2.57285
2.2959
3.40334
0.0810369
0.128061
4.61711
3.48768
4.63204
0.741102
2.32495
4.76041
1.13636
3.05105
4.2567
4.80752
3.91611
1.03889
1.04154
2.64525
2.26812
3.65851
3.72607
4.33538
2.34334
1.49705
1.14373
0.427861
2.13729
3.63516
2.55875
2.07611
2.58274
3.272
2.83311
1.82065
1.33408
2.047
3.05224
4.78504
4.61464
3.47876
1.18017
3.09953
4.61411
2.93063
0.362427
4.805
3.81601
3.45108
3.67715
4.06274
1.15031
3.27385
4.33843
2.67689
0.823776
1.9793
0.306924
3.06869
1.91767
0.665338
3.16803
4.06784
4.1696
3.75015
1.68175
2.49904
2.51975
3.05881
0.239699
3.19362
0.945627
0.325381
4.91333
1.59109
2.82707
0.675129
2.88983
2.26026
0.390543
2.55823
1.5884
1.58594
2.66449
0.0117806
4.16877
2.29598
4.72899
3.64411
0.6369
4.15112
0.753705
4.94192
2.6202
0.570247
3.77678
3.48707
4.39223
1.6408
3.65643
1.54705
1.34382
0.159287
4.25136
0.521191
1.2518
1.10736
2.47589
4.75764
4.77068
4.61094
3.51964
1.14081
3.33564
1.80224
3.56697
0.959739
4.93544
4.07673
2.67728
0.713564
0.554824
3.98801
0.128645
0.731375
2.67085
4.42939
3.4389
1.08329
3.61636
1.09289
1.01166
4.55401
2.56386
3.66615
2.32842
0.625581
3.18935
0.858636
1.18206
0.339972
0.092262
4.30752
4.71219
0.882508
4.86555
2.40341
0.990553
0.844634
3.85464
0.772728
0.821907
2.79208
2.0597
1.20379
1.16482
0.776858
4.14485
3.08542
0.3611
3.62015
4.53169
1.31153
2.22929
0.746945
3.43866
1.36894
1.11766
4.89753
0.395975
1.52462
2.96095
0.0261626
2.80418
0.196215
3.41573
4.63096
1.87584
0.529915
3.91365
2.6128
3.73563
1.22727
0.609372
1.37103
1.77349
4.17995
2.04812
1.63155
4.52519
2.74867
3.85078
4.60681
3.85748
4.77463
4.79538
0.714544
4.67473
2.78335
2.85612
4.45079
1.84828
3.48808
0.620044
4.34705
0.232832
2.10194
1.79891
0.0695915
0.500792
3.60706
4.58142
2.40934
0.482615
0.0401845
0.150162
4.21409
4.7526
4.37458
3.59768
1.35705
4.92966
0.27703
3.19404
0.127529
1.69186
3.34911
2.03237
0.0403525
3.11036
0.372204
3.97379
1.95724
4.35224
0.38178
0.0931623
2.54848
1.61348
0.959177
4.27576
2.44544
0.194331
4.48588
4.40189
2.94705
3.59733
3.49835
4.68584
0.723144
0.774021
0.318951
2.71139
3.40387
4.36852
1.48257
3.73793
1.098
1.28778
4.13516
0.559195
3.17885
1.38702
2.92782
3.37095
4.33501
3.64946
3.72825
2.60033
2.14789
3.03714
3.9563
0.221876
4.84195
1.75116
2.83603
1.34184
3.63104
4.28938
3.89322
1.34187
3.37539
3.07694
4.31887
0.988241
0.809348
1.41219
1.08905
1.89067
1.6346
1.02142
0.113498
0.254028
0.245184
2.62532
1.48596
3.16218
3.23545
2.12163
0.655695
4.58658
4.79906
3.43608
3.81639
0.829661
1.89579
3.71789
4.60441
2.77064
3.92515
2.04045
2.47891
3.4053
4.79503
2.29577
3.26458
2.47067
4.16044
2.18615
1.41658
0.739051
1.44323
1.85411
4.17486
1.64031
0.424715
4.36686
2.6138
2.96378
0.931997
1.94686
1.61764
4.36281
1.34258
0.931143
0.290498
2.17827
3.61286
1.3648
4.69065
4.72591
4.13892
0.238416
1.51186
1.63768
4.21408
4.99278
0.441174
2.16449
4.89901
0.0949889
0.662567
4.22697
2.3215
3.92556
4.44167
4.46544
0.830343
4.8922
4.58157
0.216635
3.32866
4.88948
1.2055
3.95145
1.25028
4.1292
4.00146
0.287818
2.28788
1.48288
0.878387
3.38357
3.829
2.02476
1.08318
4.48519
3.92584
1.83059
2.10199
4.86708
1.16173
3.68655
3.06124
0.737464
0.753954
0.0249211
3.36013
0.0283998
0.169008
2.8381
4.80962
2.74427
0.479528
4.20453
3.21017
3.38949
0.67625
4.88706
2.83569
4.00192
3.46873
3.78854
2.1984
4.49701
4.40607
4.22042
0.850427
4.33675
2.04795
1.00868
2.25894
1.27653
4.72316
1.29276
1.71963
1.93024
1.04281
0.745585
2.02658
0.81263
1.30485
1.89122
2.19941
2.09942
1.56878
3.41267
0.76786
1.98551
0.595237
4.65465
1.31741
2.86879
2.43747
1.45427
0.987238
1.50598
0.783335
1.84854
2.38586
3.56237
0.11843
2.27871
4.39133
4.6029
2.56709
4.24056
0.470447
4.60658
2.50389
2.62769
3.41133
1.1056
0.615746
3.74109
4.24039
3.48438
3.29071
3.47446
0.860025
4.83081
4.13198
3.26842
2.2726
0.664119
2.88323
2.60693
1.77337
2.49523
1.53995
2.65347
4.57698
4.23124
1.52397
4.92867
0.785213
2.05899
3.30455
4.88563
3.21386
3.81894
1.94854
3.13248
4.71915
2.90584
3.4091
2.12237
0.312948
2.70292
4.6222
0.632289
1.96555
4.66324
0.904432
4.60045
1.38136
3.19966
2.22572
4.35255
0.557961
3.73848
3.21537
3.95835
0.599821
0.279492
4.11855
0.519492
1.1664
3.29446
2.60575
0.948608
1.02846
1.32037
0.366903
0.869668
1.97316
0.318404
1.10572
2.80788
2.2989
0.611883
0.0961732
2.22373
0.808333
4.27906
3.485
3.06276
1.56689
4.70932
4.30294
4.24796
4.55257
1.17085
1.19523
2.1063
3.09962
4.68992
3.77014
1.71086
0.552749
2.69777
1.49118
2.49108
1.33856
0.335587
1.57402
0.623977
1.90426
3.11132
2.79704
0.0190202
3.22691
2.85103
0.869877
2.83416
4.50083
3.26547
2.99609
3.86492
0.805276
1.31562
4.12433
1.70149
1.28236
0.605603
0.0749384
0.796982
2.09357
3.70654
3.93992
1.89944
1.0151
2.24699
0.641709
1.42464
1.6431
0.62919
0.786156
1.04546
4.416
3.55049
0.259064
2.3873
0.506407
4.06862
1.92791
4.96263
4.36267
3.59453
1.67072
2.65177
1.33624
3.59799
0.442354
2.66782
0.96368
2.06162
3.80989
4.96938
3.85782
4.61252
3.66129
2.34442
3.25231
2.80187
3.2646
2.97532
3.24231
4.13717
0.48343
4.19145
2.18175
1.38913
4.53101
0.624892
2.42746
1.34603
0.188697
4.55776
4.59761
4.17697
0.460337
3.22568
3.8722
4.05797
1.63123
4.48427
0.190907
4.49944
2.62241
0.341408
4.59757
0.475597
4.53199
4.0192
0.291567
2.86425
0.463163
2.9571
1.69889
4.15748
1.79665
3.25239
4.8669
3.53227
2.32068
3.47747
4.12003
0.558628
4.18003
0.3776
4.06752
3.73042
1.93389
2.8205
3.48219
2.3307
1.32596
1.32733
3.6439
1.81548
0.640273
3.85581
3.73288
1.50805
2.37343
3.02858
4.23002
3.08043
0.882539
3.88154
2.99428
2.7885
4.83308
3.56393
1.68152
4.81285
0.822096
4.75145
0.582243
0.906722
1.40587
1.32579
2.34452
3.15235
2.33569
1.5154
0.993757
1.61768
4.03819
4.81145
2.65382
4.10352
1.88527
0.661638
2.89264
2.89296
1.16095
2.89994
1.69559
2.21958
1.9506
4.95342
0.222374
2.95373
2.4993
2.57456
1.51832
4.4054
3.68302
4.38189
2.64182
2.54022
4.76956
0.480488
4.37752
0.491098
2.84717
3.02804
2.3656
1.22012
4.29206
3.24751
2.93996
2.47901
0.52712
4.62031
0.831654
3.70002
3.56465
4.24301
0.741936
3.46779
0.69314
1.84885
2.06402
2.54466
0.0309466
1.94928
4.49387
0.4525
2.61689
2.35426
2.99703
1.71386
1.77706
4.27757
3.77012
2.12931
0.92472
3.25443
0.0798878
4.88246
4.14598
4.64528
4.90652
3.49796
3.51419
4.01092
3.05673
2.85875
3.36836
2.14387
0.566882
3.44991
0.666879
4.22424
3.82066
0.405136
2.01028
1.53548
1.70568
2.71897
3.83337
1.80521
1.68972
3.23498
0.918817
1.20965
3.53639
1.92472
3.40781
0.516602
0.390035
2.49806
3.39322
3.35275
4.39753
2.71819
1.49561
2.71024
0.232044
1.52852
3.24822
2.72492
3.67134
4.08566
4.17137
4.49232
4.35937
2.1098
2.35848
4.1308
3.96096
3.2592
4.84038
4.26526
1.20761
0.557784
4.96676
1.9441
2.76843
4.14675
3.75205
3.27352
2.2929
0.741175
4.81977
2.21275
3.17531
1.71637
4.35151
4.33621
2.77371
0.942987
3.64037
4.33506
0.124885
0.525834
1.86812
0.0854871
3.68468
2.35389
1.28467
4.27807
2.33567
4.65394
3.12461
0.323504
0.0304948
2.01182
1.97876
3.8844
4.7922
0.512099
1.71008
2.52179
0.287827
4.84659
2.76182
2.48009
0.347295
0.786552
3.72692
0.578553
1.75336
1.78275
4.90816
0.193651
0.192841
0.639344
3.87662
1.22111
3.71962
2.4078
3.02348
1.97388
3.29032
0.548004
0.346311
3.92978
0.430192
4.87919
0.265975
3.44671
4.93337
1.16598
1.55095
4.09505
4.50784
4.34546
4.02909
2.9163
1.89223
4.52661
3.43112
0.712467
2.28983
0.634962
3.61374
3.10499
3.0251
2.39228
1.50654
4.24618
3.70279
3.7689
2.81443
4.08002
4.48243
4.22513
0.169141
1.01071
2.51394
2.19987
0.975565
4.63635
1.44733
0.606314
3.85395
1.22899
1.24886
2.36356
3.8271
1.18103
2.50495
3.18335
2.67853
2.53404
2.66488
2.21403
4.91747
0.095202
2.05109
2.62381
3.34391
1.09248
3.98241
0.697569
2.37303
3.61815
0.22538
1.33961
4.70569
2.78555
1.96722
4.74724
2.96228
2.52241
3.92839
3.27199
4.9919
2.24688
0.731573
4.93321
0.690887
0.2216
4.82089
1.94671
1.63721
4.9559
2.98744
3.30781
3.17469
1.21041
0.305615
0.719561
0.598949
3.68377
0.757668
0.10276
2.41513
2.775
3.67964
0.198524
3.57463
4.54054
1.27642
3.23939
3.26518
0.227577
3.90397
2.5285
2.1566
1.316
1.4271
1.09819
1.48966
2.91467
1.79595
3.68803
1.77797
0.365766
1.91333
3.16697
1.65894
4.095
0.0573619
4.46824
2.75769
1.00078
4.22245
0.192223
2.48087
3.5625
1.46795
4.67345
0.742816
3.02991
3.36523
0.117163
0.481408
1.38333
0.16262
1.42991
2.92461
2.38503
3.90682
1.21086
4.25627
4.33148
4.55018
1.47449
3.10004
1.35769
2.19961
1.12148
3.16154
2.4524
0.808541
4.09466
2.03104
4.17798
0.334711
2.07292
3.91605
2.29377
4.75532
2.09895
2.77147
2.88852
1.88301
2.08872
1.89267
3.66551
2.74768
1.90972
1.38631
1.16425
2.11849
0.373329
1.62727
3.67329
1.70181
2.53519
0.969565
1.99052
3.56363
0.576039
2.22191
2.69886
0.024444
1.76664
4.59759
4.4129
4.70677
1.99466
1.26725
3.0802
1.14125
4.15546
3.56821
2.51742
1.10449
